pos: 10 1.04256e-16 -1.05994e-17
vel: -1.874e-17 1.23837e-17 -1.32791e-18
acc: -1.90384e-18 9.19038e-19 -9.68769e-20
pos: 10.0005 0.000207282 1.91977e-05
vel: 0.282406 0.123507 0.0114304
acc: 111.23 48.7149 4.50181
pos: 10.0037 0.00162397 0.000150075
vel: 1.09526 0.480373 0.0443257
acc: 212.234 93.3642 8.58821
pos: 10.0122 0.00536654 0.000494821
vel: 2.38826 1.05058 0.0966425
acc: 303.344 134.071 12.2726
pos: 10.0283 0.0124529 0.00114557
vel: 4.11276 1.81472 0.166404
acc: 384.893 170.959 15.5685
pos: 10.054 0.0238056 0.00218475
vel: 6.2218 2.754 0.251702
acc: 457.214 204.15 18.4892
pos: 10.0911 0.0402546 0.00368542
vel: 8.67007 3.85026 0.350694
acc: 520.64 233.768 21.0483
pos: 10.1412 0.0625405 0.00571156
vel: 11.4139 5.08593 0.461605
acc: 575.505 259.935 23.2591
pos: 10.2057 0.0913179 0.00831848
vel: 14.4114 6.44407 0.582727
acc: 622.141 282.776 25.135
pos: 10.2857 0.127158 0.0115531
vel: 17.6222 7.90835 0.712419
acc: 660.881 302.413 26.6896
pos: 10.3822 0.170552 0.0154543
vel: 21.0076 9.46306 0.849109
acc: 692.059 318.969 27.9361
pos: 10.496 0.221914 0.0200533
vel: 24.5307 11.0931 0.991289
acc: 716.007 332.567 28.8881
pos: 10.6276 0.281585 0.025374
vel: 28.1562 12.784 1.13752
acc: 733.058 343.331 29.5589
pos: 10.7776 0.349833 0.031433
vel: 31.8504 14.5219 1.28643
acc: 743.546 351.383 29.9621
pos: 10.9462 0.42686 0.0382406
vel: 35.5813 16.2935 1.43672
acc: 747.803 356.846 30.111
pos: 11.1335 0.512803 0.0458004
vel: 39.3186 18.0863 1.58714
acc: 746.162 359.845 30.019
pos: 11.3394 0.607737 0.0541103
vel: 43.0336 19.8881 1.73653
acc: 738.957 360.501 29.6997
pos: 11.5637 0.71168 0.0631622
vel: 46.6994 21.6876 1.88378
acc: 726.521 358.937 29.1663
pos: 11.8062 0.824591 0.0729428
vel: 50.2907 23.4739 2.02786
acc: 709.186 355.278 28.4324
pos: 12.0665 0.94638 0.0834338
vel: 53.7837 25.2371 2.16779
acc: 687.285 349.645 27.5114
pos: 12.3439 1.07691 0.0946123
vel: 57.1564 26.9673 2.30268
acc: 661.152 342.163 26.4166
pos: 12.6378 1.21598 0.106451
vel: 60.3887 28.6558 2.43169
acc: 631.12 332.954 25.1616
pos: 12.9475 1.36338 0.118918
vel: 63.4617 30.2942 2.55405
acc: 597.521 322.141 23.7597
pos: 13.2721 1.51883 0.131979
vel: 66.3585 31.8747 2.66907
acc: 560.688 309.848 22.2244
pos: 13.6108 1.68202 0.145596
vel: 69.0637 33.3904 2.7761
acc: 520.955 296.197 20.5691
pos: 13.9624 1.85261 0.159726
vel: 71.5638 34.8347 2.87458
acc: 478.655 281.311 18.8073
pos: 14.326 2.03024 0.174326
vel: 73.8466 36.2017 2.96402
acc: 434.121 265.314 16.9523
pos: 14.7005 2.21449 0.18935
vel: 75.9018 37.4862 3.04397
acc: 387.685 248.329 15.0176
pos: 15.0847 2.40495 0.20475
vel: 77.7208 38.6835 3.11408
acc: 339.68 230.479 13.0166
pos: 15.4773 2.60118 0.220474
vel: 79.2966 39.7897 3.17405
acc: 290.441 211.887 10.9628
pos: 15.8772 2.80269 0.236473
vel: 80.6237 40.8013 3.22364
acc: 240.299 192.676 8.86953
pos: 16.2831 3.00903 0.252693
vel: 81.6986 41.7156 3.2627
acc: 189.588 172.968 6.75028
pos: 16.6938 3.21968 0.269082
vel: 82.5192 42.5304 3.29112
acc: 138.641 152.888 4.61847
pos: 17.1079 3.43416 0.285586
vel: 83.0852 43.2441 3.30889
acc: 87.7899 132.559 2.48752
pos: 17.5242 3.65196 0.302153
vel: 83.3978 43.8558 3.31602
acc: 37.3691 112.102 0.370853
pos: 17.9414 3.87255 0.318729
vel: 83.4601 44.3651 3.31264
acc: -12.289 91.6426 -1.71809
pos: 18.3584 4.09544 0.335262
vel: 83.2768 44.7724 3.29891
acc: -60.8512 71.3024 -3.7659
pos: 18.7738 4.32011 0.351701
vel: 82.854 45.0786 3.27507
acc: -107.985 51.2049 -5.75913
pos: 19.1865 4.54606 0.367997
vel: 82.1998 45.2851 3.24143
acc: -153.356 31.4731 -7.68436
pos: 19.5954 4.77279 0.3841
vel: 81.3239 45.3941 3.19837
acc: -196.633 12.2301 -9.52816
pos: 19.9993 4.99999 0.399961
vel: 80.2377 45.4084 3.14629
acc: -237.481 -6.40087 -11.2771
pos: 20.3973 5.22688 0.415544
vel: 78.9538 45.3313 3.08576
acc: -275.635 -24.3192 -12.9204
pos: 20.7885 5.45316 0.430805
vel: 77.4859 45.1664 3.01727
acc: -311.09 -41.5136 -14.4577
pos: 21.1719 5.6784 0.445704
vel: 75.8473 44.9173 2.94135
acc: -343.909 -57.9952 -15.8913
pos: 21.5467 5.9022 0.460207
vel: 74.0511 44.5876 2.85852
acc: -374.153 -73.7751 -17.2234
pos: 21.9122 6.12415 0.474279
vel: 72.11 44.1807 2.76928
acc: -401.886 -88.8645 -18.4565
pos: 22.2676 6.34388 0.48789
vel: 70.0363 43.7001 2.67412
acc: -427.169 -103.274 -19.5927
pos: 22.6123 6.56103 0.501011
vel: 67.8422 43.1491 2.57351
acc: -450.064 -117.016 -20.6343
pos: 22.9458 6.77526 0.513617
vel: 65.5395 42.531 2.46793
acc: -470.635 -130.101 -21.5837
pos: 23.2676 6.98624 0.525683
vel: 63.1397 41.8492 2.35783
acc: -488.942 -142.539 -22.4431
pos: 23.5771 7.19365 0.537188
vel: 60.6538 41.1067 2.24365
acc: -505.049 -154.342 -23.2149
pos: 23.874 7.39721 0.548113
vel: 58.0927 40.3068 2.12582
acc: -519.018 -165.522 -23.9012
pos: 24.1579 7.59663 0.558441
vel: 55.4671 39.4525 2.00477
acc: -530.91 -176.089 -24.5045
pos: 24.4286 7.79165 0.568156
vel: 52.787 38.5469 1.88091
acc: -540.788 -186.054 -25.027
pos: 24.6857 7.98202 0.577246
vel: 50.0624 37.5929 1.75463
acc: -548.715 -195.429 -25.4709
pos: 24.9291 8.1675 0.585699
vel: 47.303 36.5936 1.62633
acc: -554.753 -204.225 -25.8386
pos: 25.1587 8.34788 0.593507
vel: 44.518 35.5516 1.49637
acc: -558.963 -212.452 -26.1323
pos: 25.3743 8.52295 0.600661
vel: 41.7163 34.47 1.36512
acc: -561.408 -220.123 -26.3544
pos: 25.5758 8.69252 0.607156
vel: 38.9067 33.3513 1.23294
acc: -562.151 -227.247 -26.5071
pos: 25.7634 8.85641 0.612989
vel: 36.0975 32.1984 1.10016
acc: -561.254 -233.836 -26.5928
pos: 25.9368 9.01445 0.618158
vel: 33.2968 31.0138 0.967122
acc: -558.778 -239.902 -26.6137
pos: 26.0963 9.1665 0.622661
vel: 30.5123 29.8002 0.834132
acc: -554.787 -245.455 -26.5721
pos: 26.242 9.31241 0.626499
vel: 27.7514 28.5601 0.701501
acc: -549.342 -250.507 -26.4702
pos: 26.3739 9.45206 0.629677
vel: 25.0212 27.296 0.569526
acc: -542.505 -255.069 -26.3105
pos: 26.4923 9.58533 0.632196
vel: 22.3285 26.0102 0.438489
acc: -534.34 -259.151 -26.0951
pos: 26.5973 9.71213 0.634064
vel: 19.6799 24.7052 0.308663
acc: -524.907 -262.765 -25.8264
pos: 26.6892 9.83236 0.635285
vel: 17.0815 23.3833 0.18031
acc: -514.27 -265.922 -25.5067
pos: 26.7682 9.94594 0.63587
vel: 14.5391 22.0468 0.0536781
acc: -502.491 -268.633 -25.1381
pos: 26.8346 10.0528 0.635825
vel: 12.0583 20.6977 -0.0709941
acc: -489.632 -270.91 -24.7232
pos: 26.8889 10.1529 0.635163
vel: 9.64446 19.3384 -0.19348
acc: -475.755 -272.762 -24.264
pos: 26.9312 10.2462 0.633895
vel: 7.30239 17.9708 -0.313564
acc: -460.922 -274.203 -23.763
pos: 26.962 10.3326 0.632032
vel: 5.03673 16.597 -0.431044
acc: -445.196 -275.242 -23.2223
pos: 26.9817 10.4121 0.629589
vel: 2.85182 15.219 -0.545725
acc: -428.639 -275.891 -22.6443
pos: 26.9907 10.4848 0.62658
vel: 0.75163 13.8387 -0.657428
acc: -411.313 -276.16 -22.0313
pos: 26.9894 10.5505 0.62302
vel: -1.26013 12.458 -0.765984
acc: -393.28 -276.062 -21.3856
pos: 26.9782 10.6094 0.618925
vel: -3.1801 11.0787 -0.871234
acc: -374.603 -275.607 -20.7095
pos: 26.9577 10.6613 0.614313
vel: -5.00519 9.70255 -0.973032
acc: -355.344 -274.806 -20.0052
pos: 26.9283 10.7064 0.609201
vel: -6.73267 8.33123 -1.07124
acc: -335.565 -273.67 -19.275
pos: 26.8906 10.7446 0.603607
vel: -8.36009 6.96639 -1.16574
acc: -315.329 -272.211 -18.5212
pos: 26.8449 10.7761 0.59755
vel: -9.8853 5.60964 -1.25642
acc: -294.698 -270.439 -17.7462
pos: 26.7919 10.8008 0.591049
vel: -11.3065 4.2625 -1.34317
acc: -273.733 -268.367 -16.9522
pos: 26.732 10.8187 0.584125
vel: -12.6222 2.92646 -1.42591
acc: -252.497 -266.004 -16.1414
pos: 26.6659 10.83 0.576797
vel: -13.8311 1.60293 -1.50456
acc: -231.053 -263.362 -15.3163
pos: 26.5939 10.8348 0.569086
vel: -14.9325 0.293285 -1.57906
acc: -209.463 -260.452 -14.479
pos: 26.5167 10.833 0.561013
vel: -15.9256 -1.00116 -1.64934
acc: -187.789 -257.285 -13.6319
pos: 26.4348 10.8248 0.5526
vel: -16.8103 -2.27916 -1.71536
acc: -166.093 -253.873 -12.7772
pos: 26.3488 10.8102 0.543867
vel: -17.5866 -3.5395 -1.7771
acc: -144.437 -250.226 -11.9173
pos: 26.2591 10.7894 0.534836
vel: -18.2549 -4.78104 -1.83453
acc: -122.884 -246.356 -11.0544
pos: 26.1664 10.7625 0.525529
vel: -18.8157 -6.0027 -1.88764
acc: -101.496 -242.273 -10.1908
pos: 26.0712 10.7294 0.515967
vel: -19.2702 -7.20344 -1.93644
acc: -80.3356 -237.99 -9.32881
pos: 25.9739 10.6905 0.506172
vel: -19.6196 -8.38228 -1.98094
acc: -59.4644 -233.516 -8.47074
pos: 25.8751 10.6456 0.496165
vel: -19.8654 -9.5383 -2.02116
acc: -38.9449 -228.863 -7.61886
pos: 25.7754 10.5951 0.485967
vel: -20.0097 -10.6706 -2.05714
acc: -18.8394 -224.043 -6.77546
pos: 25.6752 10.539 0.4756
vel: -20.0546 -11.7785 -2.08893
acc: 0.789826 -219.066 -5.94282
pos: 25.575 10.4774 0.465085
vel: -20.0027 -12.861 -2.11659
acc: 19.8806 -213.943 -5.12325
pos: 25.4753 10.4104 0.454441
vel: -19.8568 -13.9177 -2.14019
acc: 38.3706 -208.686 -4.31901
pos: 25.3766 10.3382 0.44369
vel: -19.6201 -14.9477 -2.15981
acc: 56.1976 -203.305 -3.53242
pos: 25.2793 10.261 0.43285
vel: -19.2961 -15.9505 -2.17555
acc: 73.2994 -197.813 -2.76575
pos: 25.1838 10.1788 0.42194
vel: -18.8884 -16.9257 -2.1875
acc: 89.6137 -192.219 -2.02129
pos: 25.0905 10.0918 0.410981
vel: -18.4013 -17.8726 -2.1958
acc: 105.078 -186.535 -1.30134
pos: 25 10 0.4
vel: -17.8393 -18.7909 -2.20055
acc: 119.631 -180.773 -0.60818
pos: 24.9124 9.90382 0.388993
vel: -17.2068 -19.6802 -2.20191
acc: 133.224 -174.941 0.0564866
pos: 24.828 9.80326 0.377987
vel: -16.5087 -20.5402 -2.20003
acc: 145.864 -169.046 0.692531
pos: 24.7474 9.69847 0.366998
vel: -15.7497 -21.3705 -2.19504
acc: 157.569 -163.092 1.30042
pos: 24.6706 9.5896 0.356041
vel: -14.9345 -22.171 -2.18707
acc: 168.36 -157.083 1.88063
pos: 24.5981 9.47681 0.345132
vel: -14.0676 -22.9413 -2.17627
acc: 178.257 -151.025 2.43362
pos: 24.53 9.36024 0.334283
vel: -13.1534 -23.6812 -2.16278
acc: 187.28 -144.921 2.95987
pos: 24.4667 9.24005 0.323508
vel: -12.1962 -24.3904 -2.14672
acc: 195.449 -138.776 3.45984
pos: 24.4081 9.11639 0.31282
vel: -11.2003 -25.0689 -2.12822
acc: 202.784 -132.594 3.934
pos: 24.3547 8.98941 0.30223
vel: -10.1697 -25.7163 -2.10742
acc: 209.305 -126.38 4.38282
pos: 24.3065 8.85928 0.291749
vel: -9.10856 -26.3326 -2.08444
acc: 215.032 -120.138 4.80677
pos: 24.2637 8.72614 0.281389
vel: -8.0207 -26.9177 -2.0594
acc: 219.986 -113.873 5.20632
pos: 24.2263 8.59015 0.271159
vel: -6.90996 -27.4713 -2.03241
acc: 224.186 -107.588 5.58193
pos: 24.1946 8.45148 0.261068
vel: -5.78006 -27.9935 -2.00361
acc: 227.653 -101.29 5.93409
pos: 24.1686 8.31027 0.251125
vel: -4.63462 -28.4842 -1.97311
acc: 230.406 -94.9807 6.26324
pos: 24.1483 8.16669 0.241339
vel: -3.47715 -28.9433 -1.94102
acc: 232.466 -88.6661 6.56987
pos: 24.1338 8.02089 0.231718
vel: -2.31108 -29.3709 -1.90745
acc: 233.852 -82.3502 6.85445
pos: 24.1252 7.87303 0.222267
vel: -1.13972 -29.7668 -1.87251
acc: 234.585 -76.0375 7.11743
pos: 24.1224 7.72327 0.212995
vel: 0.033713 -30.1312 -1.83631
acc: 234.685 -69.7323 7.3593
pos: 24.1255 7.57177 0.203906
vel: 1.2061 -30.4642 -1.79895
acc: 234.171 -63.439 7.58051
pos: 24.1345 7.41868 0.195007
vel: 2.37444 -30.7657 -1.76054
acc: 233.065 -57.1623 7.78154
pos: 24.1492 7.26417 0.186302
vel: 3.5358 -31.0358 -1.72117
acc: 231.385 -50.9063 7.96286
pos: 24.1698 7.10838 0.177797
vel: 4.68737 -31.2748 -1.68094
acc: 229.153 -44.6756 8.12494
pos: 24.1961 6.95147 0.169494
vel: 5.82644 -31.4826 -1.63995
acc: 226.388 -38.4746 8.26824
pos: 24.228 6.7936 0.161398
vel: 6.95039 -31.6596 -1.59829
acc: 223.109 -32.3077 8.39323
pos: 24.2656 6.63493 0.153512
vel: 8.05671 -31.8058 -1.55605
acc: 219.338 -26.1793 8.50039
pos: 24.3086 6.4756 0.145838
vel: 9.14299 -31.9214 -1.51332
acc: 215.095 -20.0939 8.59018
pos: 24.357 6.31576 0.13838
vel: 10.2069 -32.0068 -1.47018
acc: 210.398 -14.0559 8.66307
pos: 24.4106 6.15558 0.131137
vel: 11.2463 -32.0621 -1.42671
acc: 205.27 -8.06963 8.71953
pos: 24.4694 5.99519 0.124113
vel: 12.2589 -32.0876 -1.38301
acc: 199.728 -2.13963 8.76002
pos: 24.5331 5.83475 0.117307
vel: 13.2429 -32.0836 -1.33914
acc: 193.794 3.72971 8.78503
pos: 24.6018 5.6744 0.110722
vel: 14.1962 -32.0504 -1.29518
acc: 187.488 9.53397 8.79501
pos: 24.6751 5.5143 0.104356
vel: 15.1172 -31.9883 -1.25121
acc: 180.83 15.2687 8.79043
pos: 24.7529 5.35457 0.0982094
vel: 16.004 -31.8978 -1.2073
acc: 173.839 20.9296 8.77177
pos: 24.835 5.19536 0.0922824
vel: 16.855 -31.7792 -1.16352
acc: 166.536 26.512 8.73949
pos: 24.9214 5.03682 0.0865739
vel: 17.6689 -31.6328 -1.11993
acc: 158.941 32.0118 8.69406
pos: 25.0117 4.87908 0.0810827
vel: 18.444 -31.4592 -1.0766
acc: 151.074 37.4243 8.63596
pos: 25.1057 4.72228 0.0758074
vel: 19.1792 -31.2587 -1.03359
acc: 142.955 42.7451 8.56564
pos: 25.2034 4.56654 0.0707462
vel: 19.8732 -31.0319 -0.990961
acc: 134.605 47.97 8.48358
pos: 25.3044 4.412 0.0658971
vel: 20.5249 -30.7792 -0.948772
acc: 126.042 53.0943 8.39025
pos: 25.4086 4.25879 0.0612577
vel: 21.1333 -30.5012 -0.907077
acc: 117.287 58.1138 8.28611
pos: 25.5157 4.10703 0.0568254
vel: 21.6975 -30.1983 -0.865928
acc: 108.361 63.024 8.17164
pos: 25.6255 3.95685 0.0525974
vel: 22.2166 -29.8711 -0.825377
acc: 99.2834 67.8204 8.0473
pos: 25.7377 3.80836 0.0485705
vel: 22.6901 -29.5203 -0.785471
acc: 90.0741 72.4986 7.91357
pos: 25.8523 3.66168 0.0447415
vel: 23.1172 -29.1463 -0.746256
acc: 80.7532 77.0542 7.7709
pos: 25.9688 3.51693 0.0411067
vel: 23.4975 -28.7499 -0.707776
acc: 71.3409 81.4829 7.61978
pos: 26.0872 3.37422 0.0376625
vel: 23.8305 -28.3317 -0.670072
acc: 61.8573 85.7801 7.46067
pos: 26.2071 3.23365 0.0344047
vel: 24.1159 -27.8923 -0.633182
acc: 52.3223 89.9414 7.29403
pos: 26.3283 3.09533 0.0313292
vel: 24.3536 -27.4325 -0.597143
acc: 42.7561 93.9624 7.12034
pos: 26.4505 2.95936 0.0284318
vel: 24.5435 -26.953 -0.561989
acc: 33.1788 97.8387 6.94007
pos: 26.5736 2.82583 0.0257078
vel: 24.6854 -26.4544 -0.527752
acc: 23.6103 101.566 6.75369
pos: 26.6973 2.69484 0.0231527
vel: 24.7796 -25.9376 -0.494462
acc: 14.0708 105.14 6.56165
pos: 26.8213 2.56648 0.0207616
vel: 24.8262 -25.4033 -0.462145
acc: 4.58032 108.555 6.36444
pos: 26.9455 2.44084 0.0185296
vel: 24.8256 -24.8523 -0.430825
acc: -4.84105 111.808 6.16252
pos: 27.0695 2.31799 0.0164516
vel: 24.778 -24.2855 -0.400526
acc: -14.1733 114.895 5.95636
pos: 27.1932 2.19801 0.0145226
vel: 24.684 -23.7036 -0.371268
acc: -23.3962 117.81 5.74643
pos: 27.3163 2.08098 0.0127372
vel: 24.5442 -23.1076 -0.343068
acc: -32.4899 120.549 5.5332
pos: 27.4385 1.96696 0.0110901
vel: 24.3594 -22.4984 -0.315941
acc: -41.4342 123.109 5.31714
pos: 27.5598 1.85601 0.00957594
vel: 24.1302 -21.8769 -0.2899
acc: -50.2091 125.483 5.09871
pos: 27.6798 1.74821 0.00818926
vel: 23.8576 -21.2439 -0.264957
acc: -58.7945 127.669 4.87839
pos: 27.7983 1.64359 0.00692453
vel: 23.5426 -20.6005 -0.241119
acc: -67.1704 129.662 4.65664
pos: 27.9151 1.54222 0.00577622
vel: 23.1863 -19.9476 -0.218392
acc: -75.3166 131.456 4.43393
pos: 28.0301 1.44413 0.00473876
vel: 22.7898 -19.2863 -0.19678
acc: -83.2131 133.049 4.21074
pos: 28.143 1.34937 0.00380656
vel: 22.3546 -18.6175 -0.176285
acc: -90.8398 134.435 3.98752
pos: 28.2536 1.25796 0.00297405
vel: 21.8819 -17.9423 -0.156904
acc: -98.1768 135.609 3.76476
pos: 28.3617 1.16995 0.00223566
vel: 21.3733 -17.2617 -0.138636
acc: -105.204 136.569 3.54291
pos: 28.4672 1.08535 0.00158585
vel: 20.8304 -16.577 -0.121473
acc: -111.901 137.308 3.32245
pos: 28.57 1.00419 0.00101911
vel: 20.2549 -15.889 -0.105408
acc: -118.248 137.823 3.10384
pos: 28.6697 0.926467 0.000529961
vel: 19.6486 -15.1991 -0.0904305
acc: -124.225 138.109 2.88756
pos: 28.7664 0.852198 0.00011301
vel: 19.0133 -14.5083 -0.0765277
acc: -129.812 138.162 2.67408
pos: 28.8598 0.781383 -0.000237082
vel: 18.3511 -13.8179 -0.0636843
acc: -134.988 137.977 2.46386
pos: 28.9499 0.714017 -0.000525569
vel: 17.6641 -13.129 -0.0518829
acc: -139.734 137.551 2.25737
pos: 29.0364 0.650089 -0.000757614
vel: 16.9545 -12.4428 -0.0411036
acc: -144.03 136.877 2.05507
pos: 29.1194 0.589582 -0.000938272
vel: 16.2246 -11.7606 -0.0313244
acc: -147.856 135.953 1.85745
pos: 29.1987 0.532474 -0.00107248
vel: 15.4768 -11.0837 -0.0225205
acc: -151.191 134.774 1.66497
pos: 29.2741 0.478734 -0.00116506
vel: 14.7136 -10.4133 -0.0146653
acc: -154.015 133.335 1.47809
pos: 29.3458 0.428328 -0.00122067
vel: 13.9375 -9.75077 -0.00772947
acc: -156.309 131.632 1.29729
pos: 29.4135 0.381211 -0.00124383
vel: 13.1514 -9.09743 -0.00168147
acc: -158.052 129.66 1.12304
pos: 29.4773 0.337336 -0.00123891
vel: 12.358 -8.45463 0.0035126
acc: -159.225 127.415 0.955797
pos: 29.5371 0.296645 -0.00121007
vel: 11.5601 -7.82375 0.00788897
acc: -159.806 124.892 0.796038
pos: 29.5929 0.259076 -0.00116132
vel: 10.7609 -7.20618 0.0114862
acc: -159.777 122.088 0.644231
pos: 29.6447 0.224559 -0.00109644
vel: 9.96341 -6.60334 0.0143453
acc: -159.116 118.998 0.500844
pos: 29.6925 0.193016 -0.00101902
vel: 9.17083 -6.01668 0.0165095
acc: -157.805 115.617 0.366346
pos: 29.7364 0.164363 -0.000932426
vel: 8.38648 -5.44767 0.0180244
acc: -155.823 111.94 0.241207
pos: 29.7764 0.138507 -0.00083978
vel: 7.61376 -4.89778 0.0189379
acc: -153.149 107.964 0.125895
pos: 29.8126 0.11535 -0.000743965
vel: 6.85617 -4.36853 0.0193005
acc: -149.764 103.685 0.0208787
pos: 29.845 0.0947849 -0.000647606
vel: 6.11733 -3.86145 0.0191647
acc: -145.648 99.0963 -0.0733726
pos: 29.8738 0.0766963 -0.000553058
vel: 5.40094 -3.37809 0.0185855
acc: -140.781 94.1951 -0.15639
pos: 29.899 0.0609619 -0.000462395
vel: 4.71081 -2.92003 0.0176203
acc: -135.142 88.9768 -0.227705
pos: 29.9209 0.0474512 -0.000377399
vel: 4.05085 -2.48886 0.0163287
acc: -128.711 83.4367 -0.286848
pos: 29.9396 0.0360258 -0.000299548
vel: 3.42505 -2.0862 0.0147728
acc: -121.469 77.5706 -0.333351
pos: 29.9552 0.0265389 -0.000230004
vel: 2.83754 -1.7137 0.013017
acc: -113.396 71.3739 -0.366745
pos: 29.9681 0.0188357 -0.0001696
vel: 2.29251 -1.37302 0.011128
acc: -104.471 64.8423 -0.38656
pos: 29.9782 0.0127529 -0.000118831
vel: 1.79428 -1.06584 0.00917486
acc: -94.6737 57.9713 -0.392328
pos: 29.9861 0.00811861 -7.78393e-05
vel: 1.34726 -0.793882 0.00722894
acc: -83.9849 50.7564 -0.38358
pos: 29.9918 0.00475251 -4.64063e-05
vel: 0.955954 -0.558861 0.00536403
acc: -72.3842 43.1934 -0.359848
pos: 29.9957 0.00246551 -2.39373e-05
vel: 0.624972 -0.362535 0.00365622
acc: -59.8515 35.2777 -0.320661
pos: 29.9982 0.00105971 -9.45162e-06
vel: 0.359026 -0.206679 0.00218396
acc: -46.3668 27.005 -0.265552
pos: 29.9994 0.000328283 -1.57062e-06
vel: 0.162924 -0.093088 0.00102802
acc: -31.9101 18.3707 -0.194051
pos: 29.9999 5.53597e-05 1.49423e-06
vel: 0.0415788 -0.0235815 0.000271544
acc: -16.4611 9.37053 -0.10569
pos: 30 1.59276e-05 1.95292e-06
vel: 7.27596e-12 4.54747e-13 2.27374e-13
acc: -7.27596e-11 7.27596e-12 -1.59162e-12
