pos: 10 -7.40378e-08 -1.10995e-08
vel: -2.27117e-07 -5.97056e-08 -8.95758e-09
acc: -1.40869e-07 -3.70559e-08 -5.55781e-09
pos: 10 -6.30033e-08 -1.01524e-08
vel: 2.02304e-05 8.9941e-06 7.83387e-07
acc: 0.0122441 0.00541962 0.000474248
pos: 10 1.05681e-07 4.58804e-09
vel: 0.000162211 7.18637e-05 6.2833e-06
acc: 0.0484869 0.0214757 0.00187838
pos: 10 8.32789e-07 6.81676e-08
vel: 0.000543884 0.000240976 2.10709e-05
acc: 0.108001 0.0478669 0.00418472
pos: 10 2.77748e-06 2.38188e-07
vel: 0.00127981 0.000567262 4.95887e-05
acc: 0.190069 0.0842955 0.00736596
pos: 10 6.84986e-06 5.94124e-07
vel: 0.00248098 0.00110017 9.61437e-05
acc: 0.293981 0.130468 0.0113952
pos: 10 1.42036e-05 1.23665e-06
vel: 0.00425487 0.00188769 0.000164909
acc: 0.419041 0.186094 0.0162457
pos: 10.0001 2.62288e-05 2.28698e-06
vel: 0.00670549 0.00297639 0.000259926
acc: 0.564559 0.250887 0.0218914
pos: 10.0001 4.45447e-05 3.88619e-06
vel: 0.00993342 0.00441137 0.000385105
acc: 0.729855 0.324565 0.0283063
pos: 10.0002 7.09927e-05 6.19461e-06
vel: 0.0140359 0.00623638 0.000544229
acc: 0.914258 0.406849 0.035465
pos: 10.0002 0.000107629 9.39115e-06
vel: 0.0191067 0.00849375 0.000740953
acc: 1.11711 0.497464 0.0433422
pos: 10.0004 0.000156719 1.36727e-05
vel: 0.0252366 0.0112245 0.000978807
acc: 1.33776 0.596139 0.0519131
pos: 10.0005 0.000220729 1.92535e-05
vel: 0.0325129 0.0144681 0.0012612
acc: 1.57556 0.702605 0.0611533
pos: 10.0007 0.000302319 2.63644e-05
vel: 0.0410197 0.018263 0.00159142
acc: 1.82988 0.816598 0.0710385
pos: 10.0009 0.00040434 3.52526e-05
vel: 0.0508381 0.0226462 0.00197262
acc: 2.10009 0.937859 0.0815451
pos: 10.0012 0.000529821 4.61807e-05
vel: 0.0620461 0.0276533 0.00240786
acc: 2.38559 1.06613 0.0926494
pos: 10.0015 0.00068197 5.94262e-05
vel: 0.0747185 0.0333188 0.00290007
acc: 2.68576 1.20116 0.104329
pos: 10.0019 0.000864161 7.5281e-05
vel: 0.0889271 0.0396757 0.00345207
acc: 3.00001 1.34269 0.11656
pos: 10.0024 0.00107993 9.4051e-05
vel: 0.104741 0.0467561 0.00406655
acc: 3.32775 1.49048 0.12932
pos: 10.003 0.00133298 0.000116055
vel: 0.122226 0.0545906 0.00474611
acc: 3.6684 1.6443 0.142588
pos: 10.0036 0.00162715 0.000141625
vel: 0.141446 0.0632087 0.00549324
acc: 4.02139 1.80389 0.156341
pos: 10.0044 0.00196642 0.000171104
vel: 0.16246 0.0726387 0.0063103
acc: 4.38615 1.96902 0.170559
pos: 10.0053 0.00235493 0.000204848
vel: 0.185326 0.0829077 0.00719957
acc: 4.76215 2.13946 0.18522
pos: 10.0063 0.00279694 0.000243224
vel: 0.210099 0.0940418 0.0081632
acc: 5.14882 2.31498 0.200302
pos: 10.0074 0.00329683 0.000286607
vel: 0.236831 0.106066 0.00920326
acc: 5.54564 2.49536 0.215787
pos: 10.0086 0.00385912 0.000335387
vel: 0.265571 0.119003 0.0103217
acc: 5.95208 2.68037 0.231653
pos: 10.01 0.00448842 0.000389958
vel: 0.296367 0.132877 0.0115204
acc: 6.36761 2.8698 0.24788
pos: 10.0116 0.00518948 0.000450727
vel: 0.329262 0.147708 0.0128011
acc: 6.79173 3.06342 0.26445
pos: 10.0133 0.00596713 0.000518108
vel: 0.364298 0.163518 0.0141654
acc: 7.22394 3.26103 0.281342
pos: 10.0152 0.00682632 0.000592524
vel: 0.401514 0.180325 0.015615
acc: 7.66374 3.46242 0.298539
pos: 10.0174 0.00777207 0.000674403
vel: 0.440947 0.198148 0.0171513
acc: 8.11065 3.66737 0.316021
pos: 10.0197 0.00880952 0.000764183
vel: 0.482631 0.217004 0.0187757
acc: 8.56418 3.8757 0.33377
pos: 10.0222 0.00994386 0.000862308
vel: 0.526599 0.23691 0.0204894
acc: 9.02388 4.0872 0.351768
pos: 10.0249 0.0111804 0.000969228
vel: 0.57288 0.257881 0.0222937
acc: 9.48927 4.30167 0.369997
pos: 10.0279 0.0125245 0.0010854
vel: 0.6215 0.279931 0.0241897
acc: 9.95991 4.51892 0.38844
pos: 10.0312 0.0139815 0.00121128
vel: 0.672487 0.303074 0.0261784
acc: 10.4353 4.73877 0.407081
pos: 10.0346 0.0155571 0.00134734
vel: 0.725861 0.327323 0.0282608
acc: 10.9151 4.96101 0.425901
pos: 10.0384 0.0172566 0.00149405
vel: 0.781645 0.352688 0.0304377
acc: 11.3989 5.18548 0.444885
pos: 10.0425 0.0190858 0.00165188
vel: 0.839856 0.379181 0.0327099
acc: 11.8861 5.412 0.464017
pos: 10.0468 0.0210503 0.00182131
vel: 0.900511 0.406811 0.0350781
acc: 12.3765 5.64037 0.48328
pos: 10.0515 0.0231558 0.00200282
vel: 0.963625 0.435588 0.0375429
acc: 12.8695 5.87044 0.502659
pos: 10.0565 0.0254081 0.0021969
vel: 1.02921 0.465518 0.0401049
acc: 13.3648 6.10202 0.522138
pos: 10.0618 0.027813 0.00240403
vel: 1.09728 0.49661 0.0427644
acc: 13.862 6.33496 0.541703
pos: 10.0674 0.0303762 0.0026247
vel: 1.16783 0.52887 0.045522
acc: 14.3608 6.56908 0.561339
pos: 10.0735 0.0331036 0.00285941
vel: 1.24089 0.562303 0.0483779
acc: 14.8607 6.80422 0.581031
pos: 10.0798 0.0360012 0.00310865
vel: 1.31644 0.596913 0.0513324
acc: 15.3613 7.04023 0.600765
pos: 10.0866 0.0390747 0.0033729
vel: 1.3945 0.632706 0.0543856
acc: 15.8624 7.27695 0.620527
pos: 10.0938 0.0423302 0.00365267
vel: 1.47507 0.669684 0.0575377
acc: 16.3635 7.51422 0.640303
pos: 10.1014 0.0457735 0.00394844
vel: 1.55814 0.707849 0.0607887
acc: 16.8644 7.7519 0.660081
pos: 10.1094 0.0494107 0.00426072
vel: 1.64371 0.747203 0.0641385
acc: 17.3646 7.98983 0.679846
pos: 10.1178 0.0532476 0.00458999
vel: 1.73178 0.787748 0.0675871
acc: 17.8638 8.22788 0.699587
pos: 10.1267 0.0572901 0.00493676
vel: 1.82234 0.829482 0.0711343
acc: 18.3618 8.46589 0.71929
pos: 10.136 0.0615444 0.0053015
vel: 1.91539 0.872406 0.0747799
acc: 18.8582 8.70374 0.738943
pos: 10.1459 0.0660162 0.00568472
vel: 2.01092 0.916519 0.0785236
acc: 19.3526 8.94129 0.758534
pos: 10.1562 0.0707115 0.0060869
vel: 2.10892 0.961818 0.0823651
acc: 19.8448 9.17839 0.778052
pos: 10.167 0.0756363 0.00650853
vel: 2.20937 1.0083 0.086304
acc: 20.3346 9.41493 0.797484
pos: 10.1783 0.0807965 0.0069501
vel: 2.31226 1.05597 0.0903398
acc: 20.8215 9.65077 0.81682
pos: 10.1901 0.086198 0.00741209
vel: 2.41758 1.10481 0.094472
acc: 21.3053 9.88578 0.836049
pos: 10.2024 0.0918465 0.00789498
vel: 2.52531 1.15482 0.0987001
acc: 21.7857 10.1199 0.855159
pos: 10.2153 0.0977481 0.00839925
vel: 2.63543 1.206 0.103023
acc: 22.2625 10.3529 0.874141
pos: 10.2288 0.103909 0.00892537
vel: 2.74792 1.25835 0.107441
acc: 22.7354 10.5847 0.892983
pos: 10.2428 0.110334 0.00947382
vel: 2.86277 1.31185 0.111953
acc: 23.2041 10.8152 0.911676
pos: 10.2574 0.117029 0.0100451
vel: 2.97996 1.3665 0.116558
acc: 23.6685 11.0443 0.930211
pos: 10.2726 0.124 0.0106395
vel: 3.09945 1.42229 0.121255
acc: 24.1281 11.2719 0.948577
pos: 10.2884 0.131254 0.0112578
vel: 3.22123 1.47922 0.126043
acc: 24.5829 11.4979 0.966765
pos: 10.3048 0.138794 0.0119001
vel: 3.34527 1.53727 0.130922
acc: 25.0325 11.7221 0.984766
pos: 10.3219 0.146628 0.0125671
vel: 3.47155 1.59643 0.135891
acc: 25.4768 11.9446 1.00257
pos: 10.3396 0.154761 0.0132592
vel: 3.60003 1.65671 0.140948
acc: 25.9156 12.165 1.02017
pos: 10.3579 0.163197 0.0139767
vel: 3.73069 1.71808 0.146092
acc: 26.3485 12.3835 1.03756
pos: 10.3769 0.171943 0.0147202
vel: 3.86351 1.78054 0.151323
acc: 26.7754 12.5998 1.05473
pos: 10.3965 0.181004 0.0154901
vel: 3.99844 1.84408 0.156639
acc: 27.1962 12.8139 1.07167
pos: 10.4169 0.190386 0.0162868
vel: 4.13546 1.90868 0.162039
acc: 27.6106 13.0257 1.08837
pos: 10.4379 0.200093 0.0171106
vel: 4.27453 1.97433 0.167522
acc: 28.0183 13.2351 1.10483
pos: 10.4596 0.210131 0.0179621
vel: 4.41563 2.04102 0.173087
acc: 28.4194 13.4421 1.12104
pos: 10.482 0.220505 0.0188417
vel: 4.55871 2.10875 0.178732
acc: 28.8135 13.6465 1.13699
pos: 10.5052 0.23122 0.0197496
vel: 4.70375 2.17748 0.184457
acc: 29.2004 13.8482 1.15268
pos: 10.5291 0.242281 0.0206863
vel: 4.85071 2.24722 0.190259
acc: 29.5801 14.0472 1.16809
pos: 10.5537 0.253694 0.0216523
vel: 4.99954 2.31795 0.196137
acc: 29.9524 14.2434 1.18323
pos: 10.5791 0.265462 0.0226478
vel: 5.15022 2.38965 0.20209
acc: 30.3171 14.4368 1.19808
pos: 10.6052 0.277592 0.0236733
vel: 5.3027 2.46231 0.208117
acc: 30.674 14.6272 1.21265
pos: 10.6321 0.290087 0.0247291
vel: 5.45694 2.53592 0.214216
acc: 31.0231 14.8146 1.22692
pos: 10.6598 0.302953 0.0258156
vel: 5.61292 2.61045 0.220386
acc: 31.3641 14.9989 1.24088
pos: 10.6882 0.316193 0.0269331
vel: 5.77057 2.6859 0.226625
acc: 31.697 15.1801 1.25454
pos: 10.7175 0.329813 0.028082
vel: 5.92987 2.76225 0.232931
acc: 32.0216 15.3581 1.26789
pos: 10.7475 0.343817 0.0292625
vel: 6.09077 2.83948 0.239303
acc: 32.3378 15.5329 1.28092
pos: 10.7784 0.358209 0.0304751
vel: 6.25324 2.91757 0.24574
acc: 32.6454 15.7043 1.29363
pos: 10.8101 0.372994 0.03172
vel: 6.41721 2.99652 0.252239
acc: 32.9445 15.8723 1.30602
pos: 10.8426 0.388176 0.0329976
vel: 6.58267 3.07629 0.258799
acc: 33.2348 16.0369 1.31807
pos: 10.8759 0.403759 0.0343081
vel: 6.74955 3.15688 0.265419
acc: 33.5162 16.1981 1.32979
pos: 10.9101 0.419746 0.0356519
vel: 6.91781 3.23827 0.272097
acc: 33.7887 16.3557 1.34117
pos: 10.9451 0.436143 0.0370292
vel: 7.08742 3.32043 0.27883
acc: 34.0522 16.5097 1.35221
pos: 10.981 0.452952 0.0384403
vel: 7.25832 3.40336 0.285618
acc: 34.3066 16.6601 1.36291
pos: 11.0177 0.470177 0.0398854
vel: 7.43047 3.48702 0.292459
acc: 34.5518 16.8068 1.37325
pos: 11.0553 0.487823 0.0413649
vel: 7.60382 3.57142 0.29935
acc: 34.7877 16.9498 1.38325
pos: 11.0937 0.505893 0.042879
vel: 7.77833 3.65652 0.306291
acc: 35.0142 17.089 1.39289
pos: 11.133 0.524389 0.0444279
vel: 7.95395 3.7423 0.313278
acc: 35.2313 17.2245 1.40217
pos: 11.1733 0.543317 0.0460119
vel: 8.13063 3.82875 0.320312
acc: 35.439 17.3561 1.41108
pos: 11.2144 0.562678 0.0476311
vel: 8.30832 3.91586 0.327389
acc: 35.6371 17.4839 1.41964
pos: 11.2563 0.582476 0.0492858
vel: 8.48698 4.00359 0.334507
acc: 35.8256 17.6078 1.42783
pos: 11.2992 0.602715 0.0509763
vel: 8.66656 4.09193 0.341666
acc: 36.0045 17.7277 1.43565
pos: 11.343 0.623397 0.0527026
vel: 8.84701 4.18086 0.348863
acc: 36.1736 17.8437 1.4431
pos: 11.3877 0.644525 0.054465
vel: 9.02828 4.27036 0.356097
acc: 36.3331 17.9557 1.45018
pos: 11.4333 0.666101 0.0562636
vel: 9.21033 4.36041 0.363365
acc: 36.4828 18.0637 1.45689
pos: 11.4798 0.688129 0.0580987
vel: 9.39309 4.45099 0.370665
acc: 36.6227 18.1677 1.46322
pos: 11.5272 0.710612 0.0599703
vel: 9.57654 4.54208 0.377996
acc: 36.7527 18.2676 1.46918
pos: 11.5756 0.733551 0.0618787
vel: 9.7606 4.63366 0.385356
acc: 36.8729 18.3635 1.47475
pos: 11.6248 0.756949 0.0638239
vel: 9.94525 4.72571 0.392743
acc: 36.9833 18.4553 1.47995
pos: 11.675 0.780809 0.0658061
vel: 10.1304 4.8182 0.400155
acc: 37.0837 18.5429 1.48477
pos: 11.7261 0.805132 0.0678255
vel: 10.3161 4.91113 0.40759
acc: 37.1743 18.6264 1.48921
pos: 11.7782 0.829921 0.0698821
vel: 10.5021 5.00446 0.415047
acc: 37.2549 18.7058 1.49327
pos: 11.8312 0.855177 0.071976
vel: 10.6886 5.09818 0.422522
acc: 37.3257 18.7811 1.49694
pos: 11.8851 0.880903 0.0741073
vel: 10.8754 5.19227 0.430015
acc: 37.3865 18.8521 1.50024
pos: 11.9399 0.907101 0.0762762
vel: 11.0625 5.2867 0.437524
acc: 37.4374 18.919 1.50315
pos: 11.9957 0.933771 0.0784826
vel: 11.2497 5.38145 0.445046
acc: 37.4784 18.9818 1.50568
pos: 12.0524 0.960916 0.0807267
vel: 11.4372 5.47651 0.45258
acc: 37.5095 19.0403 1.50783
pos: 12.1101 0.988536 0.0830084
vel: 11.6248 5.57185 0.460124
acc: 37.5308 19.0947 1.5096
pos: 12.1687 1.01663 0.0853279
vel: 11.8125 5.66745 0.467675
acc: 37.5422 19.1448 1.51098
pos: 12.2282 1.04521 0.0876852
vel: 12.0002 5.76329 0.475233
acc: 37.5437 19.1908 1.51199
pos: 12.2887 1.07427 0.0900802
vel: 12.1879 5.85935 0.482795
acc: 37.5354 19.2326 1.51261
pos: 12.3501 1.1038 0.0925131
vel: 12.3756 5.95561 0.490359
acc: 37.5174 19.2702 1.51286
pos: 12.4124 1.13382 0.0949838
vel: 12.5631 6.05204 0.497923
acc: 37.4895 19.3035 1.51272
pos: 12.4757 1.16433 0.0974923
vel: 12.7504 6.14863 0.505485
acc: 37.452 19.3327 1.51221
pos: 12.5399 1.19531 0.100039
vel: 12.9376 6.24536 0.513044
acc: 37.4048 19.3578 1.51132
pos: 12.6051 1.22678 0.102623
vel: 13.1245 6.3422 0.520598
acc: 37.3479 19.3786 1.51006
pos: 12.6712 1.25873 0.105245
vel: 13.3111 6.43914 0.528144
acc: 37.2814 19.3953 1.50843
pos: 12.7382 1.29117 0.107904
vel: 13.4973 6.53615 0.535681
acc: 37.2054 19.4078 1.50642
pos: 12.8061 1.32409 0.110601
vel: 13.6831 6.63321 0.543208
acc: 37.1198 19.4162 1.50404
pos: 12.875 1.3575 0.113336
vel: 13.8685 6.73031 0.550721
acc: 37.0249 19.4204 1.50129
pos: 12.9448 1.3914 0.116109
vel: 14.0533 6.82741 0.55822
acc: 36.9205 19.4205 1.49817
pos: 13.0155 1.42578 0.118918
vel: 14.2376 6.9245 0.565702
acc: 36.8068 19.4165 1.49469
pos: 13.0872 1.46064 0.121766
vel: 14.4214 7.02157 0.573166
acc: 36.6838 19.4084 1.49085
pos: 13.1598 1.49599 0.12465
vel: 14.6045 7.11858 0.58061
acc: 36.5515 19.3962 1.48664
pos: 13.2332 1.53183 0.127572
vel: 14.7869 7.21552 0.588032
acc: 36.4102 19.38 1.48208
pos: 13.3076 1.56815 0.13053
vel: 14.9686 7.31237 0.59543
acc: 36.2597 19.3597 1.47716
pos: 13.3829 1.60495 0.133526
vel: 15.1495 7.40911 0.602803
acc: 36.1003 19.3354 1.47189
pos: 13.4591 1.64224 0.136558
vel: 15.3295 7.50572 0.610149
acc: 35.9319 19.3071 1.46626
pos: 13.5362 1.68001 0.139627
vel: 15.5088 7.60218 0.617465
acc: 35.7547 19.2748 1.46028
pos: 13.6142 1.71826 0.142733
vel: 15.6871 7.69846 0.624751
acc: 35.5687 19.2385 1.45396
pos: 13.6931 1.75699 0.145875
vel: 15.8644 7.79456 0.632004
acc: 35.374 19.1983 1.4473
pos: 13.7729 1.79621 0.149053
vel: 16.0408 7.89044 0.639223
acc: 35.1706 19.1542 1.44029
pos: 13.8535 1.8359 0.152267
vel: 16.2161 7.98609 0.646407
acc: 34.9588 19.1062 1.43295
pos: 13.935 1.87607 0.155517
vel: 16.3904 8.08149 0.653552
acc: 34.7385 19.0544 1.42527
pos: 14.0174 1.91671 0.158802
vel: 16.5635 8.17663 0.660659
acc: 34.5098 18.9987 1.41726
pos: 14.1006 1.95783 0.162123
vel: 16.7355 8.27148 0.667724
acc: 34.2729 18.9392 1.40893
pos: 14.1847 1.99943 0.16548
vel: 16.9062 8.36602 0.674747
acc: 34.0278 18.876 1.40026
pos: 14.2697 2.04149 0.168871
vel: 17.0757 8.46023 0.681726
acc: 33.7747 18.8089 1.39128
pos: 14.3555 2.08403 0.172297
vel: 17.2439 8.5541 0.68866
acc: 33.5136 18.7382 1.38198
pos: 14.4421 2.12703 0.175757
vel: 17.4108 8.6476 0.695546
acc: 33.2446 18.6638 1.37236
pos: 14.5296 2.1705 0.179252
vel: 17.5764 8.74073 0.702383
acc: 32.9678 18.5858 1.36243
pos: 14.6179 2.21444 0.182781
vel: 17.7405 8.83346 0.70917
acc: 32.6833 18.5041 1.3522
pos: 14.707 2.25884 0.186344
vel: 17.9032 8.92577 0.715904
acc: 32.3913 18.4188 1.34166
pos: 14.7969 2.3037 0.18994
vel: 18.0644 9.01764 0.722586
acc: 32.0919 18.33 1.33082
pos: 14.8877 2.34901 0.19357
vel: 18.2241 9.10906 0.729212
acc: 31.785 18.2377 1.31969
pos: 14.9792 2.39479 0.197232
vel: 18.3823 9.20001 0.735782
acc: 31.471 18.1419 1.30826
pos: 15.0715 2.44101 0.200927
vel: 18.5388 9.29047 0.742294
acc: 31.1498 18.0427 1.29655
pos: 15.1646 2.48769 0.204655
vel: 18.6937 9.38043 0.748747
acc: 30.8216 17.94 1.28455
pos: 15.2584 2.53482 0.208415
vel: 18.847 9.46987 0.755139
acc: 30.4864 17.834 1.27227
pos: 15.353 2.58239 0.212206
vel: 18.9986 9.55877 0.761469
acc: 30.1445 17.7247 1.25972
pos: 15.4484 2.6304 0.216029
vel: 19.1484 9.64711 0.767736
acc: 29.7959 17.6121 1.24689
pos: 15.5445 2.67886 0.219883
vel: 19.2965 9.73488 0.773938
acc: 29.4407 17.4962 1.2338
pos: 15.6414 2.72775 0.223769
vel: 19.4428 9.82207 0.780073
acc: 29.0791 17.3771 1.22044
pos: 15.7389 2.77708 0.227684
vel: 19.5873 9.90865 0.786142
acc: 28.7112 17.2548 1.20682
pos: 15.8372 2.82684 0.23163
vel: 19.7299 9.99461 0.792141
acc: 28.3371 17.1295 1.19295
pos: 15.9362 2.87702 0.235605
vel: 19.8707 10.0799 0.798071
acc: 27.9568 17.001 1.17883
pos: 16.0359 2.92763 0.23961
vel: 20.0095 10.1646 0.803929
acc: 27.5706 16.8695 1.16446
pos: 16.1363 2.97867 0.243645
vel: 20.1464 10.2486 0.809715
acc: 27.1786 16.735 1.14985
pos: 16.2374 3.03012 0.247707
vel: 20.2813 10.332 0.815427
acc: 26.7809 16.5975 1.135
pos: 16.3391 3.08199 0.251799
vel: 20.4142 10.4146 0.821065
acc: 26.3775 16.4571 1.11992
pos: 16.4415 3.13426 0.255918
vel: 20.545 10.4965 0.826626
acc: 25.9687 16.3139 1.10461
pos: 16.5446 3.18695 0.260065
vel: 20.6739 10.5777 0.83211
acc: 25.5545 16.1678 1.08908
pos: 16.6483 3.24004 0.264239
vel: 20.8006 10.6582 0.837516
acc: 25.1352 16.0189 1.07333
pos: 16.7526 3.29353 0.26844
vel: 20.9252 10.7379 0.842843
acc: 24.7107 15.8673 1.05737
pos: 16.8575 3.34742 0.272667
vel: 21.0477 10.8169 0.84809
acc: 24.2813 15.713 1.04119
pos: 16.9631 3.4017 0.276921
vel: 21.168 10.895 0.853255
acc: 23.847 15.5561 1.02481
pos: 17.0692 3.45637 0.2812
vel: 21.2861 10.9724 0.858338
acc: 23.408 15.3965 1.00823
pos: 17.1759 3.51142 0.285504
vel: 21.4021 11.049 0.863337
acc: 22.9645 15.2344 0.991457
pos: 17.2832 3.56685 0.289833
vel: 21.5158 11.1248 0.868252
acc: 22.5165 15.0698 0.974489
pos: 17.3911 3.62267 0.294186
vel: 21.6272 11.1997 0.873081
acc: 22.0641 14.9027 0.957336
pos: 17.4995 3.67885 0.298564
vel: 21.7364 11.2738 0.877825
acc: 21.6076 14.7332 0.94
pos: 17.6084 3.7354 0.302964
vel: 21.8433 11.347 0.882481
acc: 21.147 14.5613 0.922488
pos: 17.7179 3.79232 0.307388
vel: 21.9479 11.4194 0.887049
acc: 20.6824 14.3871 0.904803
pos: 17.8279 3.8496 0.311835
vel: 22.0501 11.4909 0.891529
acc: 20.214 14.2106 0.88695
pos: 17.9384 3.90723 0.316303
vel: 22.15 11.5615 0.895919
acc: 19.742 14.0319 0.868934
pos: 18.0494 3.96521 0.320794
vel: 22.2475 11.6312 0.900218
acc: 19.2664 13.851 0.850761
pos: 18.1609 4.02354 0.325305
vel: 22.3427 11.7 0.904426
acc: 18.7873 13.6679 0.832433
pos: 18.2728 4.08221 0.329838
vel: 22.4354 11.7679 0.908542
acc: 18.305 13.4828 0.813957
pos: 18.3852 4.14121 0.334391
vel: 22.5257 11.8348 0.912565
acc: 17.8194 13.2956 0.795336
pos: 18.4981 4.20055 0.338963
vel: 22.6136 11.9008 0.916495
acc: 17.3309 13.1064 0.776576
pos: 18.6114 4.26022 0.343555
vel: 22.699 11.9659 0.920331
acc: 16.8394 12.9152 0.757682
pos: 18.7251 4.32021 0.348166
vel: 22.782 12.03 0.924072
acc: 16.3451 12.7222 0.738656
pos: 18.8392 4.38052 0.352796
vel: 22.8625 12.0931 0.927717
acc: 15.8481 12.5272 0.719506
pos: 18.9537 4.44114 0.357443
vel: 22.9405 12.1553 0.931267
acc: 15.3486 12.3305 0.700234
pos: 19.0686 4.50207 0.362108
vel: 23.0159 12.2164 0.934719
acc: 14.8467 12.132 0.680846
pos: 19.1838 4.5633 0.366791
vel: 23.0889 12.2766 0.938075
acc: 14.3424 11.9317 0.661346
pos: 19.2995 4.62483 0.371489
vel: 23.1594 12.3357 0.941333
acc: 13.836 11.7298 0.641739
pos: 19.4154 4.68666 0.376204
vel: 23.2273 12.3939 0.944492
acc: 13.3276 11.5263 0.622028
pos: 19.5317 4.74877 0.380934
vel: 23.2926 12.451 0.947553
acc: 12.8172 11.3211 0.60222
pos: 19.6483 4.81117 0.385679
vel: 23.3554 12.5071 0.950514
acc: 12.3049 11.1144 0.582318
pos: 19.7653 4.87384 0.390439
vel: 23.4157 12.5621 0.953376
acc: 11.791 10.9063 0.562326
pos: 19.8825 4.93679 0.395213
vel: 23.4734 12.6161 0.956137
acc: 11.2755 10.6966 0.542249
pos: 20 5 0.4
vel: 23.5284 12.6691 0.958798
acc: 10.7586 10.4856 0.522092
pos: 20.1178 5.06348 0.4048
vel: 23.5809 12.721 0.961358
acc: 10.2403 10.2731 0.501858
pos: 20.2358 5.12721 0.409613
vel: 23.6308 12.7718 0.963817
acc: 9.72072 10.0594 0.481552
pos: 20.3541 5.19119 0.414438
vel: 23.6781 12.8216 0.966174
acc: 9.20007 9.84437 0.461178
pos: 20.4726 5.25542 0.419275
vel: 23.7228 12.8703 0.968428
acc: 8.67841 9.6281 0.44074
pos: 20.5913 5.31989 0.424123
vel: 23.7649 12.9179 0.970581
acc: 8.15585 9.41065 0.420243
pos: 20.7102 5.3846 0.428981
vel: 23.8044 12.9644 0.972631
acc: 7.6325 9.19203 0.39969
pos: 20.8293 5.44953 0.433849
vel: 23.8412 13.0098 0.974578
acc: 7.10848 8.97231 0.379085
pos: 20.9486 5.51469 0.438726
vel: 23.8755 13.0541 0.976421
acc: 6.58389 8.75152 0.358434
pos: 21.0681 5.58007 0.443613
vel: 23.9071 13.0973 0.978162
acc: 6.05883 8.52969 0.337738
pos: 21.1877 5.64567 0.448508
vel: 23.9361 13.1394 0.979799
acc: 5.53341 8.30688 0.317004
pos: 21.3074 5.71147 0.453411
vel: 23.9624 13.1804 0.981332
acc: 5.00773 8.08312 0.296234
pos: 21.4273 5.77747 0.458321
vel: 23.9861 13.2202 0.982761
acc: 4.4819 7.85844 0.275432
pos: 21.5473 5.84367 0.463238
vel: 24.0072 13.2589 0.984086
acc: 3.95602 7.6329 0.254602
pos: 21.6674 5.91006 0.468162
vel: 24.0257 13.2965 0.985307
acc: 3.43018 7.40653 0.233748
pos: 21.7876 5.97663 0.473091
vel: 24.0415 13.333 0.986424
acc: 2.90449 7.17937 0.212873
pos: 21.9078 6.04338 0.478026
vel: 24.0547 13.3683 0.987436
acc: 2.37905 6.95145 0.191982
pos: 22.0281 6.11031 0.482965
vel: 24.0653 13.4025 0.988343
acc: 1.85394 6.72282 0.171078
pos: 22.1484 6.17741 0.487909
vel: 24.0733 13.4356 0.989147
acc: 1.32928 6.49352 0.150164
pos: 22.2688 6.24466 0.492856
vel: 24.0786 13.4675 0.989845
acc: 0.805143 6.26357 0.129245
pos: 22.3892 6.31208 0.497807
vel: 24.0813 13.4982 0.990439
acc: 0.281632 6.03302 0.108323
pos: 22.5096 6.37964 0.502761
vel: 24.0814 13.5278 0.990928
acc: -0.241161 5.80191 0.0874025
pos: 22.63 6.44736 0.507716
vel: 24.0789 13.5562 0.991313
acc: -0.763146 5.57027 0.0664867
pos: 22.7504 6.5152 0.512674
vel: 24.0738 13.5835 0.991593
acc: -1.28423 5.33814 0.0455791
pos: 22.8708 6.58319 0.517632
vel: 24.0661 13.6096 0.991769
acc: -1.80433 5.10555 0.024683
pos: 22.9911 6.6513 0.522591
vel: 24.0558 13.6345 0.99184
acc: -2.32336 4.87254 0.00380176
pos: 23.1113 6.71953 0.52755
vel: 24.0429 13.6583 0.991807
acc: -2.84122 4.63914 -0.0170613
pos: 23.2315 6.78788 0.532509
vel: 24.0274 13.6809 0.991669
acc: -3.35783 4.4054 -0.0379028
pos: 23.3516 6.85634 0.537467
vel: 24.0093 13.7024 0.991428
acc: -3.87312 4.17133 -0.0587196
pos: 23.4716 6.9249 0.542423
vel: 23.9886 13.7226 0.991082
acc: -4.38699 3.93699 -0.0795085
pos: 23.5915 6.99356 0.547377
vel: 23.9654 13.7417 0.990633
acc: -4.89936 3.7024 -0.100266
pos: 23.7112 7.06232 0.552329
vel: 23.9396 13.7597 0.99008
acc: -5.41015 3.46759 -0.12099
pos: 23.8309 7.13116 0.557278
vel: 23.9113 13.7764 0.989423
acc: -5.91928 3.2326 -0.141676
pos: 23.9504 7.20008 0.562223
vel: 23.8805 13.792 0.988663
acc: -6.42667 2.99746 -0.162322
pos: 24.0697 7.26908 0.567164
vel: 23.8471 13.8064 0.9878
acc: -6.93225 2.76221 -0.182924
pos: 24.1888 7.33814 0.572101
vel: 23.8111 13.8196 0.986834
acc: -7.43594 2.52688 -0.203481
pos: 24.3078 7.40727 0.577033
vel: 23.7727 13.8317 0.985765
acc: -7.93765 2.29149 -0.223987
pos: 24.4265 7.47646 0.581959
vel: 23.7318 13.8425 0.984594
acc: -8.43732 2.05609 -0.244442
pos: 24.5451 7.54569 0.586878
vel: 23.6883 13.8522 0.983321
acc: -8.93487 1.8207 -0.264841
pos: 24.6634 7.61498 0.591792
vel: 23.6424 13.8607 0.981946
acc: -9.43023 1.58535 -0.285183
pos: 24.7815 7.6843 0.596698
vel: 23.594 13.8681 0.980469
acc: -9.92333 1.35007 -0.305463
pos: 24.8994 7.75366 0.601596
vel: 23.5432 13.8742 0.978891
acc: -10.4141 1.1149 -0.32568
pos: 25.0169 7.82304 0.606486
vel: 23.4899 13.8792 0.977212
acc: -10.9025 0.879862 -0.345831
pos: 25.1343 7.89245 0.611368
vel: 23.4342 13.883 0.975433
acc: -11.3883 0.644989 -0.365913
pos: 25.2513 7.96187 0.616241
vel: 23.376 13.8857 0.973553
acc: -11.8717 0.410311 -0.385923
pos: 25.368 8.0313 0.621103
vel: 23.3155 13.8871 0.971574
acc: -12.3524 0.175855 -0.405859
pos: 25.4844 8.10074 0.625956
vel: 23.2525 13.8874 0.969495
acc: -12.8305 -0.0583494 -0.425719
pos: 25.6005 8.17017 0.630798
vel: 23.1872 13.8866 0.967317
acc: -13.3058 -0.292273 -0.445498
pos: 25.7163 8.2396 0.635629
vel: 23.1194 13.8845 0.96504
acc: -13.7784 -0.525887 -0.465196
pos: 25.8317 8.30902 0.640448
vel: 23.0494 13.8813 0.962665
acc: -14.248 -0.759165 -0.48481
pos: 25.9468 8.37841 0.645256
vel: 22.977 13.8769 0.960192
acc: -14.7148 -0.992078 -0.504336
pos: 26.0615 8.44778 0.65005
vel: 22.9022 13.8714 0.957622
acc: -15.1785 -1.2246 -0.523774
pos: 26.1758 8.51712 0.654832
vel: 22.8252 13.8647 0.954955
acc: -15.6392 -1.4567 -0.543119
pos: 26.2897 8.58643 0.6596
vel: 22.7458 13.8568 0.952191
acc: -16.0969 -1.68836 -0.562371
pos: 26.4033 8.65569 0.664353
vel: 22.6642 13.8478 0.949331
acc: -16.5513 -1.91954 -0.581526
pos: 26.5164 8.7249 0.669093
vel: 22.5803 13.8376 0.946376
acc: -17.0025 -2.15023 -0.600582
pos: 26.6291 8.79406 0.673817
vel: 22.4942 13.8263 0.943325
acc: -17.4505 -2.38039 -0.619538
pos: 26.7413 8.86317 0.678526
vel: 22.4058 13.8138 0.94018
acc: -17.8951 -2.61 -0.638391
pos: 26.8531 8.9322 0.683219
vel: 22.3153 13.8002 0.936942
acc: -18.3363 -2.83903 -0.657138
pos: 26.9645 9.00117 0.687895
vel: 22.2225 13.7854 0.933609
acc: -18.7741 -3.06747 -0.675778
pos: 27.0753 9.07005 0.692555
vel: 22.1275 13.7695 0.930184
acc: -19.2085 -3.29528 -0.694308
pos: 27.1857 9.13886 0.697197
vel: 22.0304 13.7525 0.926666
acc: -19.6392 -3.52244 -0.712727
pos: 27.2956 9.20758 0.701821
vel: 21.9311 13.7343 0.923057
acc: -20.0664 -3.74892 -0.731031
pos: 27.405 9.2762 0.706427
vel: 21.8297 13.715 0.919356
acc: -20.49 -3.97471 -0.749221
pos: 27.5139 9.34472 0.711015
vel: 21.7262 13.6945 0.915565
acc: -20.9098 -4.19978 -0.767292
pos: 27.6223 9.41314 0.715583
vel: 21.6206 13.673 0.911684
acc: -21.3259 -4.4241 -0.785244
pos: 27.7301 9.48145 0.720131
vel: 21.513 13.6503 0.907713
acc: -21.7383 -4.64765 -0.803074
pos: 27.8374 9.54964 0.72466
vel: 21.4033 13.6265 0.903653
acc: -22.1468 -4.87041 -0.82078
pos: 27.9442 9.61772 0.729168
vel: 21.2915 13.6016 0.899505
acc: -22.5514 -5.09236 -0.838362
pos: 28.0503 9.68566 0.733655
vel: 21.1778 13.5756 0.89527
acc: -22.9522 -5.31348 -0.855816
pos: 28.1559 9.75347 0.73812
vel: 21.062 13.5485 0.890947
acc: -23.3489 -5.53374 -0.873141
pos: 28.261 9.82114 0.742564
vel: 20.9443 13.5203 0.886538
acc: -23.7417 -5.75311 -0.890335
pos: 28.3654 9.88867 0.746985
vel: 20.8246 13.4909 0.882044
acc: -24.1304 -5.97159 -0.907397
pos: 28.4692 9.95605 0.751384
vel: 20.703 13.4605 0.877465
acc: -24.5151 -6.18915 -0.924324
pos: 28.5724 10.0233 0.75576
vel: 20.5795 13.4291 0.872801
acc: -24.8956 -6.40577 -0.941116
pos: 28.675 10.0903 0.760112
vel: 20.454 13.3965 0.868054
acc: -25.272 -6.62142 -0.95777
pos: 28.7769 10.1572 0.76444
vel: 20.3267 13.3628 0.863224
acc: -25.6441 -6.83609 -0.974285
pos: 28.8783 10.224 0.768744
vel: 20.1976 13.3281 0.858311
acc: -26.0121 -7.04975 -0.990659
pos: 28.9789 10.2905 0.773023
vel: 20.0666 13.2923 0.853317
acc: -26.3757 -7.2624 -1.00689
pos: 29.0789 10.3569 0.777277
vel: 19.9339 13.2555 0.848242
acc: -26.7351 -7.474 -1.02298
pos: 29.1782 10.4231 0.781506
vel: 19.7993 13.2176 0.843088
acc: -27.0901 -7.68454 -1.03892
pos: 29.2769 10.4891 0.785708
vel: 19.663 13.1787 0.837853
acc: -27.4408 -7.894 -1.05472
pos: 29.3749 10.5549 0.789884
vel: 19.5249 13.1387 0.832541
acc: -27.787 -8.10236 -1.07037
pos: 29.4722 10.6204 0.794033
vel: 19.3851 13.0976 0.82715
acc: -28.1288 -8.30961 -1.08586
pos: 29.5687 10.6858 0.798155
vel: 19.2436 13.0556 0.821682
acc: -28.4662 -8.51572 -1.10121
pos: 29.6646 10.751 0.80225
vel: 19.1004 13.0125 0.816138
acc: -28.799 -8.72067 -1.11641
pos: 29.7597 10.816 0.806317
vel: 18.9556 12.9684 0.810518
acc: -29.1273 -8.92446 -1.13145
pos: 29.8541 10.8807 0.810355
vel: 18.8092 12.9232 0.804824
acc: -29.4511 -9.12706 -1.14633
pos: 29.9478 10.9452 0.814365
vel: 18.6611 12.8771 0.799055
acc: -29.7703 -9.32845 -1.16106
pos: 30.0407 11.0095 0.818345
vel: 18.5115 12.83 0.793214
acc: -30.0849 -9.52862 -1.17564
pos: 30.1329 11.0735 0.822297
vel: 18.3603 12.7818 0.787299
acc: -30.3948 -9.72755 -1.19005
pos: 30.2243 11.1373 0.826218
vel: 18.2075 12.7327 0.781313
acc: -30.7001 -9.92522 -1.2043
pos: 30.315 11.2008 0.83011
vel: 18.0533 12.6826 0.775257
acc: -31.0007 -10.1216 -1.2184
pos: 30.4049 11.2641 0.833971
vel: 17.8975 12.6315 0.76913
acc: -31.2966 -10.3167 -1.23233
pos: 30.494 11.3271 0.837801
vel: 17.7403 12.5794 0.762934
acc: -31.5878 -10.5106 -1.24609
pos: 30.5823 11.3899 0.8416
vel: 17.5817 12.5264 0.756669
acc: -31.8742 -10.7031 -1.2597
pos: 30.6698 11.4524 0.845368
vel: 17.4216 12.4724 0.750337
acc: -32.1558 -10.8942 -1.27314
pos: 30.7565 11.5146 0.849103
vel: 17.2601 12.4174 0.743938
acc: -32.4327 -11.084 -1.28641
pos: 30.8424 11.5766 0.852807
vel: 17.0973 12.3615 0.737473
acc: -32.7047 -11.2725 -1.29951
pos: 30.9275 11.6382 0.856478
vel: 16.9331 12.3047 0.730943
acc: -32.9719 -11.4596 -1.31245
pos: 31.0117 11.6996 0.860116
vel: 16.7676 12.2469 0.724349
acc: -33.2343 -11.6453 -1.32521
pos: 31.0951 11.7607 0.863721
vel: 16.6007 12.1883 0.717691
acc: -33.4918 -11.8295 -1.33781
pos: 31.1777 11.8215 0.867293
vel: 16.4327 12.1286 0.710971
acc: -33.7444 -12.0124 -1.35024
pos: 31.2595 11.882 0.870831
vel: 16.2633 12.0681 0.704189
acc: -33.9921 -12.1938 -1.36249
pos: 31.3403 11.9422 0.874335
vel: 16.0927 12.0067 0.697346
acc: -34.2349 -12.3738 -1.37457
pos: 31.4204 12.002 0.877804
vel: 15.921 11.9444 0.690444
acc: -34.4728 -12.5524 -1.38648
pos: 31.4996 12.0616 0.881239
vel: 15.748 11.8812 0.683482
acc: -34.7057 -12.7294 -1.39822
pos: 31.5779 12.1208 0.884639
vel: 15.5739 11.8171 0.676462
acc: -34.9337 -12.905 -1.40977
pos: 31.6553 12.1798 0.888004
vel: 15.3987 11.7521 0.669384
acc: -35.1567 -13.0791 -1.42116
pos: 31.7318 12.2384 0.891333
vel: 15.2224 11.6863 0.662251
acc: -35.3748 -13.2516 -1.43236
pos: 31.8075 12.2966 0.894626
vel: 15.045 11.6196 0.655061
acc: -35.5878 -13.4227 -1.44339
pos: 31.8823 12.3546 0.897883
vel: 14.8665 11.5521 0.647817
acc: -35.7959 -13.5922 -1.45425
pos: 31.9562 12.4122 0.901104
vel: 14.687 11.4837 0.640519
acc: -35.9989 -13.7602 -1.46492
pos: 32.0292 12.4694 0.904288
vel: 14.5065 11.4145 0.633168
acc: -36.1969 -13.9267 -1.47542
pos: 32.1012 12.5263 0.907436
vel: 14.325 11.3444 0.625765
acc: -36.39 -14.0915 -1.48573
pos: 32.1724 12.5828 0.910546
vel: 14.1426 11.2736 0.618311
acc: -36.5779 -14.2548 -1.49587
pos: 32.2427 12.639 0.913619
vel: 13.9593 11.2019 0.610807
acc: -36.7609 -14.4166 -1.50582
pos: 32.312 12.6949 0.916654
vel: 13.775 11.1294 0.603253
acc: -36.9388 -14.5767 -1.5156
pos: 32.3804 12.7503 0.919651
vel: 13.5899 11.0561 0.595651
acc: -37.1116 -14.7352 -1.52519
pos: 32.4479 12.8054 0.92261
vel: 13.4039 10.9821 0.588002
acc: -37.2794 -14.8921 -1.5346
pos: 32.5145 12.8601 0.925531
vel: 13.2171 10.9072 0.580305
acc: -37.4422 -15.0474 -1.54383
pos: 32.5801 12.9145 0.928413
vel: 13.0295 10.8316 0.572564
acc: -37.5998 -15.201 -1.55287
pos: 32.6447 12.9685 0.931257
vel: 12.8411 10.7552 0.564777
acc: -37.7525 -15.3531 -1.56173
pos: 32.7085 13.022 0.934061
vel: 12.652 10.6781 0.556947
acc: -37.9 -15.5034 -1.57041
pos: 32.7713 13.0752 0.936826
vel: 12.4621 10.6002 0.549073
acc: -38.0425 -15.6521 -1.57891
pos: 32.8331 13.128 0.939552
vel: 12.2716 10.5216 0.541158
acc: -38.1799 -15.7992 -1.58722
pos: 32.894 13.1805 0.942238
vel: 12.0803 10.4422 0.533201
acc: -38.3123 -15.9445 -1.59535
pos: 32.9539 13.2325 0.944884
vel: 11.8884 10.3621 0.525205
acc: -38.4396 -16.0882 -1.60329
pos: 33.0129 13.2841 0.94749
vel: 11.6959 10.2813 0.517169
acc: -38.5618 -16.2302 -1.61105
pos: 33.0709 13.3353 0.950055
vel: 11.5028 10.1998 0.509094
acc: -38.679 -16.3705 -1.61862
pos: 33.1279 13.3861 0.95258
vel: 11.3092 10.1176 0.500983
acc: -38.7911 -16.5091 -1.626
pos: 33.184 13.4364 0.955065
vel: 11.1149 10.0347 0.492835
acc: -38.8982 -16.646 -1.63321
pos: 33.239 13.4864 0.957509
vel: 10.9202 9.95115 0.484651
acc: -39.0002 -16.7811 -1.64022
pos: 33.2932 13.536 0.959911
vel: 10.7249 9.86691 0.476433
acc: -39.0972 -16.9146 -1.64705
pos: 33.3463 13.5851 0.962273
vel: 10.5292 9.78201 0.468181
acc: -39.1892 -17.0463 -1.6537
pos: 33.3984 13.6338 0.964593
vel: 10.3331 9.69645 0.459896
acc: -39.2761 -17.1762 -1.66015
pos: 33.4496 13.682 0.966872
vel: 10.1365 9.61025 0.45158
acc: -39.3579 -17.3045 -1.66643
pos: 33.4998 13.7299 0.969109
vel: 9.93949 9.52341 0.443232
acc: -39.4348 -17.4309 -1.67251
pos: 33.549 13.7773 0.971304
vel: 9.74213 9.43594 0.434855
acc: -39.5066 -17.5557 -1.67841
pos: 33.5972 13.8242 0.973457
vel: 9.54443 9.34786 0.426448
acc: -39.5735 -17.6786 -1.68413
pos: 33.6445 13.8708 0.975569
vel: 9.34641 9.25916 0.418014
acc: -39.6353 -17.7998 -1.68966
pos: 33.6907 13.9168 0.977638
vel: 9.14809 9.16986 0.409552
acc: -39.6921 -17.9192 -1.695
pos: 33.7359 13.9625 0.979664
vel: 8.94949 9.07997 0.401064
acc: -39.744 -18.0369 -1.70015
pos: 33.7802 14.0076 0.981648
vel: 8.75065 8.9895 0.392551
acc: -39.7909 -18.1528 -1.70513
pos: 33.8234 14.0523 0.98359
vel: 8.55159 8.89845 0.384013
acc: -39.8329 -18.2669 -1.70991
pos: 33.8657 14.0966 0.985488
vel: 8.35233 8.80683 0.375452
acc: -39.8699 -18.3792 -1.71451
pos: 33.907 14.1404 0.987344
vel: 8.1529 8.71466 0.366868
acc: -39.902 -18.4897 -1.71892
pos: 33.9472 14.1838 0.989157
vel: 7.95332 8.62194 0.358263
acc: -39.9291 -18.5984 -1.72315
pos: 33.9865 14.2266 0.990927
vel: 7.75362 8.52868 0.349637
acc: -39.9514 -18.7053 -1.7272
pos: 34.0248 14.269 0.992653
vel: 7.55382 8.43489 0.340991
acc: -39.9688 -18.8104 -1.73106
pos: 34.062 14.311 0.994336
vel: 7.35394 8.34058 0.332327
acc: -39.9812 -18.9137 -1.73473
pos: 34.0983 14.3524 0.995976
vel: 7.15401 8.24575 0.323644
acc: -39.9889 -19.0152 -1.73822
pos: 34.1336 14.3934 0.997573
vel: 6.95406 8.15043 0.314945
acc: -39.9916 -19.1149 -1.74153
pos: 34.1678 14.434 0.999126
vel: 6.7541 8.05461 0.306229
acc: -39.9896 -19.2127 -1.74465
pos: 34.2011 14.474 1.00064
vel: 6.55417 7.9583 0.297499
acc: -39.9827 -19.3088 -1.74759
pos: 34.2334 14.5135 1.0021
vel: 6.35428 7.86152 0.288754
acc: -39.971 -19.403 -1.75034
pos: 34.2647 14.5526 1.00352
vel: 6.15447 7.76428 0.279996
acc: -39.9546 -19.4954 -1.75292
pos: 34.2949 14.5912 1.0049
vel: 5.95475 7.66657 0.271225
acc: -39.9334 -19.586 -1.75531
pos: 34.3242 14.6293 1.00623
vel: 5.75514 7.56842 0.262443
acc: -39.9074 -19.6747 -1.75752
pos: 34.3525 14.6669 1.00753
vel: 5.55568 7.46983 0.25365
acc: -39.8767 -19.7617 -1.75954
pos: 34.3798 14.704 1.00877
vel: 5.35638 7.37081 0.244848
acc: -39.8413 -19.8468 -1.76139
pos: 34.4061 14.7406 1.00997
vel: 5.15727 7.27136 0.236037
acc: -39.8013 -19.9301 -1.76305
pos: 34.4313 14.7767 1.01113
vel: 4.95838 7.17151 0.227218
acc: -39.7565 -20.0115 -1.76454
pos: 34.4556 14.8123 1.01225
vel: 4.75972 7.07125 0.218391
acc: -39.7071 -20.0911 -1.76584
pos: 34.4789 14.8474 1.01332
vel: 4.56131 6.9706 0.209559
acc: -39.6531 -20.1689 -1.76697
pos: 34.5012 14.882 1.01434
vel: 4.36319 6.86957 0.200722
acc: -39.5945 -20.2448 -1.76791
pos: 34.5226 14.9161 1.01532
vel: 4.16538 6.76815 0.191881
acc: -39.5313 -20.3189 -1.76868
pos: 34.5429 14.9497 1.01626
vel: 3.96789 6.66638 0.183036
acc: -39.4636 -20.3912 -1.76927
pos: 34.5622 14.9827 1.01715
vel: 3.77075 6.56425 0.174188
acc: -39.3913 -20.4617 -1.76968
pos: 34.5806 15.0153 1.018
vel: 3.57398 6.46177 0.165339
acc: -39.3145 -20.5303 -1.76992
pos: 34.598 15.0474 1.01881
vel: 3.37761 6.35895 0.156489
acc: -39.2332 -20.5971 -1.76998
pos: 34.6144 15.0789 1.01957
vel: 3.18166 6.2558 0.14764
acc: -39.1475 -20.662 -1.76986
pos: 34.6298 15.1099 1.02028
vel: 2.98614 6.15233 0.138791
acc: -39.0573 -20.7251 -1.76957
pos: 34.6442 15.1404 1.02095
vel: 2.79109 6.04855 0.129944
acc: -38.9627 -20.7864 -1.76911
pos: 34.6577 15.1704 1.02158
vel: 2.59652 5.94447 0.1211
acc: -38.8638 -20.8459 -1.76847
pos: 34.6702 15.1999 1.02217
vel: 2.40246 5.84009 0.11226
acc: -38.7604 -20.9035 -1.76766
pos: 34.6817 15.2288 1.02271
vel: 2.20893 5.73544 0.103424
acc: -38.6528 -20.9593 -1.76667
pos: 34.6923 15.2572 1.0232
vel: 2.01594 5.6305 0.0945933
acc: -38.5408 -21.0133 -1.76552
pos: 34.7019 15.2851 1.02365
vel: 1.82353 5.52531 0.0857689
acc: -38.4245 -21.0654 -1.76419
pos: 34.7105 15.3125 1.02406
vel: 1.6317 5.41985 0.0769516
acc: -38.304 -21.1158 -1.7627
pos: 34.7182 15.3393 1.02442
vel: 1.44049 5.31415 0.0681423
acc: -38.1793 -21.1643 -1.76103
pos: 34.7249 15.3656 1.02474
vel: 1.24992 5.20821 0.0593416
acc: -38.0504 -21.211 -1.7592
pos: 34.7307 15.3914 1.02501
vel: 1.06 5.10204 0.0505506
acc: -37.9173 -21.2559 -1.75719
pos: 34.7355 15.4166 1.02524
vel: 0.87075 4.99566 0.04177
acc: -37.7801 -21.2989 -1.75503
pos: 34.7394 15.4413 1.02543
vel: 0.682201 4.88906 0.0330006
acc: -37.6388 -21.3402 -1.75269
pos: 34.7424 15.4655 1.02557
vel: 0.494369 4.78226 0.0242433
acc: -37.4934 -21.3796 -1.75019
pos: 34.7444 15.4892 1.02567
vel: 0.307274 4.67527 0.015499
acc: -37.3439 -21.4172 -1.74752
pos: 34.7454 15.5123 1.02573
vel: 0.120936 4.56809 0.00676836
acc: -37.1905 -21.4531 -1.7447
pos: 34.7456 15.5348 1.02574
vel: -0.0646242 4.46074 -0.00194771
acc: -37.0331 -21.4871 -1.7417
pos: 34.7448 15.5569 1.02571
vel: -0.249388 4.35322 -0.0106484
acc: -36.8717 -21.5194 -1.73855
pos: 34.7431 15.5784 1.02564
vel: -0.433334 4.24555 -0.0193329
acc: -36.7064 -21.5498 -1.73524
pos: 34.7405 15.5993 1.02552
vel: -0.616445 4.13773 -0.0280005
acc: -36.5372 -21.5785 -1.73176
pos: 34.7369 15.6198 1.02536
vel: -0.7987 4.02976 -0.0366503
acc: -36.3641 -21.6054 -1.72813
pos: 34.7325 15.6396 1.02515
vel: -0.98008 3.92167 -0.0452815
acc: -36.1873 -21.6304 -1.72433
pos: 34.7271 15.659 1.0249
vel: -1.16057 3.81346 -0.0538934
acc: -36.0066 -21.6538 -1.72038
pos: 34.7209 15.6778 1.02461
vel: -1.34014 3.70514 -0.0624851
acc: -35.8222 -21.6753 -1.71628
pos: 34.7137 15.696 1.02428
vel: -1.51878 3.59671 -0.0710559
acc: -35.6341 -21.6951 -1.71202
pos: 34.7057 15.7137 1.0239
vel: -1.69647 3.48819 -0.079605
acc: -35.4422 -21.7131 -1.7076
pos: 34.6968 15.7309 1.02348
vel: -1.8732 3.37959 -0.0881316
acc: -35.2468 -21.7293 -1.70303
pos: 34.687 15.7475 1.02302
vel: -2.04894 3.2709 -0.096635
acc: -35.0477 -21.7438 -1.69831
pos: 34.6763 15.7636 1.02252
vel: -2.22367 3.16215 -0.105114
acc: -34.845 -21.7566 -1.69343
pos: 34.6647 15.7792 1.02197
vel: -2.39738 3.05334 -0.113569
acc: -34.6388 -21.7676 -1.68841
pos: 34.6523 15.7941 1.02138
vel: -2.57005 2.94448 -0.121998
acc: -34.4291 -21.7769 -1.68324
pos: 34.639 15.8086 1.02075
vel: -2.74167 2.83557 -0.130401
acc: -34.2159 -21.7844 -1.67792
pos: 34.6249 15.8225 1.02008
vel: -2.9122 2.72664 -0.138777
acc: -33.9993 -21.7902 -1.67245
pos: 34.6099 15.8359 1.01936
vel: -3.08165 2.61767 -0.147125
acc: -33.7793 -21.7943 -1.66683
pos: 34.5941 15.8487 1.0186
vel: -3.24999 2.5087 -0.155445
acc: -33.5559 -21.7966 -1.66107
pos: 34.5774 15.861 1.01781
vel: -3.41721 2.39971 -0.163736
acc: -33.3292 -21.7973 -1.65517
pos: 34.5599 15.8727 1.01697
vel: -3.58328 2.29073 -0.171997
acc: -33.0991 -21.7962 -1.64912
pos: 34.5416 15.8839 1.01609
vel: -3.74819 2.18175 -0.180227
acc: -32.8659 -21.7934 -1.64293
pos: 34.5224 15.8945 1.01517
vel: -3.91193 2.07279 -0.188426
acc: -32.6294 -21.789 -1.6366
pos: 34.5025 15.9046 1.0142
vel: -4.07448 1.96386 -0.196593
acc: -32.3898 -21.7828 -1.63013
pos: 34.4817 15.9141 1.0132
vel: -4.23582 1.85497 -0.204727
acc: -32.147 -21.775 -1.62353
pos: 34.4601 15.9231 1.01216
vel: -4.39595 1.74612 -0.212828
acc: -31.9011 -21.7655 -1.61678
pos: 34.4377 15.9316 1.01107
vel: -4.55483 1.63732 -0.220894
acc: -31.6522 -21.7543 -1.6099
pos: 34.4146 15.9395 1.00995
vel: -4.71246 1.52858 -0.228926
acc: -31.4003 -21.7415 -1.60289
pos: 34.3906 15.9469 1.00878
vel: -4.86883 1.4199 -0.236923
acc: -31.1453 -21.727 -1.59574
pos: 34.3659 15.9537 1.00758
vel: -5.02391 1.31131 -0.244884
acc: -30.8875 -21.7109 -1.58846
pos: 34.3404 15.96 1.00633
vel: -5.1777 1.2028 -0.252807
acc: -30.6267 -21.6931 -1.58104
pos: 34.3141 15.9657 1.00505
vel: -5.33017 1.09438 -0.260694
acc: -30.3631 -21.6737 -1.5735
pos: 34.2871 15.9709 1.00373
vel: -5.48132 0.986063 -0.268542
acc: -30.0966 -21.6527 -1.56583
pos: 34.2593 15.9756 1.00236
vel: -5.63113 0.877856 -0.276352
acc: -29.8274 -21.63 -1.55803
pos: 34.2308 15.9797 1.00096
vel: -5.77959 0.769766 -0.284122
acc: -29.5554 -21.6058 -1.55011
pos: 34.2015 15.9833 0.999523
vel: -5.92668 0.661801 -0.291853
acc: -29.2808 -21.5799 -1.54206
pos: 34.1715 15.9863 0.998044
vel: -6.0724 0.55397 -0.299543
acc: -29.0035 -21.5524 -1.53389
pos: 34.1408 15.9888 0.996527
vel: -6.21671 0.446279 -0.307191
acc: -28.7236 -21.5234 -1.52559
pos: 34.1093 15.9908 0.994972
vel: -6.35963 0.338738 -0.314798
acc: -28.4411 -21.4927 -1.51717
pos: 34.0772 15.9922 0.99338
vel: -6.50112 0.231355 -0.322363
acc: -28.156 -21.4605 -1.50864
pos: 34.0443 15.9931 0.991749
vel: -6.64118 0.124136 -0.329885
acc: -27.8685 -21.4268 -1.49998
pos: 34.0108 15.9935 0.990081
vel: -6.7798 0.0170897 -0.337363
acc: -27.5786 -21.3914 -1.49121
pos: 33.9765 15.9933 0.988375
vel: -6.91697 -0.0897759 -0.344797
acc: -27.2862 -21.3546 -1.48232
pos: 33.9416 15.9926 0.986633
vel: -7.05266 -0.196453 -0.352186
acc: -26.9915 -21.3161 -1.47332
pos: 33.906 15.9913 0.984854
vel: -7.18688 -0.302935 -0.35953
acc: -26.6945 -21.2762 -1.4642
pos: 33.8697 15.9895 0.983038
vel: -7.3196 -0.409213 -0.366827
acc: -26.3951 -21.2347 -1.45497
pos: 33.8328 15.9872 0.981185
vel: -7.45082 -0.51528 -0.374079
acc: -26.0936 -21.1918 -1.44564
pos: 33.7952 15.9844 0.979297
vel: -7.58053 -0.621128 -0.381284
acc: -25.7899 -21.1473 -1.43619
pos: 33.757 15.981 0.977373
vel: -7.70872 -0.72675 -0.388441
acc: -25.484 -21.1013 -1.42663
pos: 33.7181 15.9771 0.975413
vel: -7.83537 -0.832138 -0.39555
acc: -25.176 -21.0538 -1.41697
pos: 33.6787 15.9727 0.973417
vel: -7.96048 -0.937286 -0.40261
acc: -24.866 -21.0049 -1.4072
pos: 33.6385 15.9677 0.971387
vel: -8.08403 -1.04218 -0.409622
acc: -24.5539 -20.9545 -1.39733
pos: 33.5978 15.9623 0.969321
vel: -8.20601 -1.14683 -0.416583
acc: -24.2399 -20.9026 -1.38736
pos: 33.5565 15.9563 0.967221
vel: -8.32642 -1.25121 -0.423495
acc: -23.9239 -20.8493 -1.37728
pos: 33.5146 15.9498 0.965086
vel: -8.44525 -1.35532 -0.430356
acc: -23.6061 -20.7946 -1.36711
pos: 33.472 15.9427 0.962917
vel: -8.56248 -1.45915 -0.437166
acc: -23.2864 -20.7384 -1.35684
pos: 33.4289 15.9352 0.960715
vel: -8.67811 -1.5627 -0.443924
acc: -22.965 -20.6808 -1.34647
pos: 33.3853 15.9271 0.958478
vel: -8.79213 -1.66596 -0.450631
acc: -22.6417 -20.6217 -1.33601
pos: 33.341 15.9185 0.956208
vel: -8.90452 -1.76892 -0.457284
acc: -22.3168 -20.5613 -1.32545
pos: 33.2962 15.9094 0.953905
vel: -9.01529 -1.87157 -0.463885
acc: -21.9902 -20.4995 -1.3148
pos: 33.2509 15.8998 0.95157
vel: -9.12442 -1.97391 -0.470432
acc: -21.662 -20.4363 -1.30406
pos: 33.205 15.8897 0.949201
vel: -9.23191 -2.07593 -0.476925
acc: -21.3322 -20.3718 -1.29323
pos: 33.1585 15.879 0.9468
vel: -9.33774 -2.17762 -0.483364
acc: -21.0009 -20.3059 -1.28231
pos: 33.1116 15.8679 0.944368
vel: -9.44192 -2.27899 -0.489748
acc: -20.6682 -20.2386 -1.2713
pos: 33.0641 15.8562 0.941903
vel: -9.54442 -2.38001 -0.496077
acc: -20.3339 -20.17 -1.26021
pos: 33.0162 15.8441 0.939407
vel: -9.64525 -2.48068 -0.50235
acc: -19.9983 -20.1 -1.24904
pos: 32.9677 15.8314 0.93688
vel: -9.7444 -2.58101 -0.508567
acc: -19.6614 -20.0288 -1.23778
pos: 32.9187 15.8183 0.934321
vel: -9.84187 -2.68097 -0.514728
acc: -19.3231 -19.9562 -1.22644
pos: 32.8693 15.8046 0.931732
vel: -9.93763 -2.78057 -0.520832
acc: -18.9836 -19.8824 -1.21503
pos: 32.8193 15.7905 0.929113
vel: -10.0317 -2.87979 -0.526878
acc: -18.6428 -19.8072 -1.20353
pos: 32.769 15.7758 0.926464
vel: -10.1241 -2.97864 -0.532867
acc: -18.3009 -19.7308 -1.19196
pos: 32.7181 15.7607 0.923785
vel: -10.2147 -3.0771 -0.538798
acc: -17.9579 -19.6531 -1.18031
pos: 32.6668 15.7451 0.921076
vel: -10.3036 -3.17516 -0.54467
acc: -17.6138 -19.5741 -1.16859
pos: 32.6151 15.7289 0.918338
vel: -10.3908 -3.27284 -0.550483
acc: -17.2687 -19.4939 -1.1568
pos: 32.5629 15.7123 0.915571
vel: -10.4763 -3.3701 -0.556238
acc: -16.9226 -19.4125 -1.14494
pos: 32.5103 15.6952 0.912776
vel: -10.5601 -3.46696 -0.561933
acc: -16.5755 -19.3299 -1.13301
pos: 32.4573 15.6777 0.909952
vel: -10.6421 -3.5634 -0.567568
acc: -16.2276 -19.246 -1.12101
pos: 32.4039 15.6596 0.9071
vel: -10.7223 -3.65942 -0.573143
acc: -15.8788 -19.1609 -1.10894
pos: 32.3501 15.6411 0.904221
vel: -10.8009 -3.75501 -0.578657
acc: -15.5292 -19.0747 -1.09681
pos: 32.2959 15.6221 0.901314
vel: -10.8776 -3.85016 -0.584111
acc: -15.1788 -18.9873 -1.08462
pos: 32.2413 15.6026 0.89838
vel: -10.9526 -3.94488 -0.589503
acc: -14.8278 -18.8987 -1.07237
pos: 32.1864 15.5826 0.895419
vel: -11.0259 -4.03915 -0.594834
acc: -14.476 -18.8089 -1.06005
pos: 32.1311 15.5622 0.892431
vel: -11.0974 -4.13296 -0.600104
acc: -14.1237 -18.7181 -1.04768
pos: 32.0754 15.5413 0.889418
vel: -11.1671 -4.22632 -0.605311
acc: -13.7707 -18.626 -1.03525
pos: 32.0194 15.5199 0.886378
vel: -11.2351 -4.31922 -0.610456
acc: -13.4173 -18.5329 -1.02277
pos: 31.963 15.4981 0.883313
vel: -11.3013 -4.41165 -0.615538
acc: -13.0633 -18.4387 -1.01023
pos: 31.9064 15.4758 0.880223
vel: -11.3657 -4.50361 -0.620558
acc: -12.7089 -18.3433 -0.997638
pos: 31.8494 15.4531 0.877108
vel: -11.4284 -4.59508 -0.625515
acc: -12.3542 -18.2469 -0.984996
pos: 31.7921 15.4299 0.873968
vel: -11.4893 -4.68607 -0.630408
acc: -11.999 -18.1494 -0.972304
pos: 31.7345 15.4062 0.870804
vel: -11.5484 -4.77658 -0.635238
acc: -11.6436 -18.0508 -0.959565
pos: 31.6766 15.3821 0.867616
vel: -11.6057 -4.86658 -0.640004
acc: -11.2879 -17.9512 -0.946779
pos: 31.6184 15.3575 0.864404
vel: -11.6613 -4.95609 -0.644705
acc: -10.932 -17.8506 -0.933949
pos: 31.56 15.3325 0.861169
vel: -11.715 -5.04509 -0.649343
acc: -10.5759 -17.7489 -0.921075
pos: 31.5013 15.3071 0.857911
vel: -11.767 -5.13357 -0.653916
acc: -10.2197 -17.6462 -0.908159
pos: 31.4423 15.2812 0.85463
vel: -11.8172 -5.22155 -0.658425
acc: -9.86344 -17.5426 -0.895204
pos: 31.3831 15.2549 0.851327
vel: -11.8657 -5.309 -0.662868
acc: -9.50712 -17.4379 -0.882209
pos: 31.3237 15.2281 0.848001
vel: -11.9123 -5.39592 -0.667247
acc: -9.15082 -17.3322 -0.869177
pos: 31.264 15.2009 0.844654
vel: -11.9572 -5.48232 -0.67156
acc: -8.79458 -17.2256 -0.85611
pos: 31.2041 15.1733 0.841286
vel: -12.0003 -5.56818 -0.675808
acc: -8.43844 -17.1181 -0.843008
pos: 31.144 15.1452 0.837896
vel: -12.0416 -5.6535 -0.67999
acc: -8.08244 -17.0096 -0.829874
pos: 31.0837 15.1168 0.834486
vel: -12.0811 -5.73827 -0.684106
acc: -7.72663 -16.9001 -0.816708
pos: 31.0232 15.0878 0.831055
vel: -12.1188 -5.8225 -0.688157
acc: -7.37105 -16.7898 -0.803513
pos: 30.9625 15.0585 0.827604
vel: -12.1548 -5.90617 -0.692141
acc: -7.01575 -16.6786 -0.79029
pos: 30.9017 15.0288 0.824134
vel: -12.189 -5.98928 -0.69606
acc: -6.66078 -16.5664 -0.77704
pos: 30.8406 14.9986 0.820644
vel: -12.2214 -6.07183 -0.699912
acc: -6.30617 -16.4534 -0.763765
pos: 30.7794 14.9681 0.817135
vel: -12.252 -6.15381 -0.703697
acc: -5.95197 -16.3395 -0.750467
pos: 30.7181 14.9371 0.813607
vel: -12.2809 -6.23523 -0.707416
acc: -5.59823 -16.2248 -0.737146
pos: 30.6566 14.9057 0.810061
vel: -12.308 -6.31606 -0.711069
acc: -5.24498 -16.1092 -0.723805
pos: 30.595 14.8739 0.806497
vel: -12.3334 -6.39632 -0.714654
acc: -4.89228 -15.9928 -0.710445
pos: 30.5333 14.8418 0.802914
vel: -12.357 -6.47599 -0.718173
acc: -4.54016 -15.8756 -0.697067
pos: 30.4715 14.8092 0.799315
vel: -12.3788 -6.55507 -0.721625
acc: -4.18866 -15.7576 -0.683674
pos: 30.4095 14.7762 0.795698
vel: -12.3988 -6.63356 -0.72501
acc: -3.83784 -15.6388 -0.670265
pos: 30.3475 14.7428 0.792065
vel: -12.4172 -6.71146 -0.728328
acc: -3.48774 -15.5192 -0.656844
pos: 30.2854 14.7091 0.788415
vel: -12.4337 -6.78875 -0.731578
acc: -3.13839 -15.3989 -0.643411
pos: 30.2231 14.675 0.784749
vel: -12.4485 -6.86544 -0.734762
acc: -2.78983 -15.2778 -0.629969
pos: 30.1609 14.6404 0.781068
vel: -12.4616 -6.94153 -0.737878
acc: -2.44213 -15.1559 -0.616517
pos: 30.0985 14.6055 0.777371
vel: -12.473 -7.017 -0.740927
acc: -2.0953 -15.0334 -0.603059
pos: 30.0361 14.5703 0.773658
vel: -12.4826 -7.09186 -0.743909
acc: -1.74941 -14.9101 -0.589595
pos: 29.9737 14.5346 0.769932
vel: -12.4905 -7.1661 -0.746823
acc: -1.40448 -14.7861 -0.576127
pos: 29.9112 14.4986 0.76619
vel: -12.4966 -7.23972 -0.74967
acc: -1.06056 -14.6615 -0.562656
pos: 29.8487 14.4622 0.762435
vel: -12.5011 -7.31272 -0.752449
acc: -0.717695 -14.5361 -0.549185
pos: 29.7862 14.4255 0.758666
vel: -12.5038 -7.38508 -0.755162
acc: -0.375924 -14.4101 -0.535713
pos: 29.7237 14.3884 0.754884
vel: -12.5048 -7.45682 -0.757807
acc: -0.0352868 -14.2835 -0.522243
pos: 29.6612 14.3509 0.751088
vel: -12.5042 -7.52792 -0.760384
acc: 0.304174 -14.1562 -0.508777
pos: 29.5987 14.3131 0.74728
vel: -12.5018 -7.59838 -0.762894
acc: 0.642418 -14.0283 -0.495315
pos: 29.5362 14.2749 0.743459
vel: -12.4977 -7.6682 -0.765337
acc: 0.979404 -13.8998 -0.48186
pos: 29.4737 14.2364 0.739627
vel: -12.492 -7.73737 -0.767713
acc: 1.31509 -13.7707 -0.468412
pos: 29.4113 14.1976 0.735782
vel: -12.4846 -7.8059 -0.770021
acc: 1.64944 -13.641 -0.454973
pos: 29.3489 14.1584 0.731926
vel: -12.4755 -7.87378 -0.772263
acc: 1.98242 -13.5107 -0.441545
pos: 29.2865 14.1188 0.72806
vel: -12.4648 -7.94101 -0.774437
acc: 2.31397 -13.3799 -0.428128
pos: 29.2242 14.079 0.724182
vel: -12.4524 -8.00758 -0.776544
acc: 2.64407 -13.2485 -0.414725
pos: 29.162 14.0388 0.720294
vel: -12.4383 -8.07349 -0.778584
acc: 2.97267 -13.1166 -0.401337
pos: 29.0998 13.9982 0.716396
vel: -12.4226 -8.13875 -0.780557
acc: 3.29973 -12.9842 -0.387965
pos: 29.0378 13.9574 0.712489
vel: -12.4053 -8.20333 -0.782464
acc: 3.62522 -12.8512 -0.374611
pos: 28.9758 13.9162 0.708572
vel: -12.3864 -8.26726 -0.784304
acc: 3.9491 -12.7178 -0.361275
pos: 28.9139 13.8747 0.704646
vel: -12.3658 -8.33051 -0.786077
acc: 4.27132 -12.5839 -0.34796
pos: 28.8521 13.8329 0.700711
vel: -12.3437 -8.3931 -0.787783
acc: 4.59186 -12.4495 -0.334667
pos: 28.7905 13.7908 0.696768
vel: -12.3199 -8.45501 -0.789423
acc: 4.91066 -12.3147 -0.321397
pos: 28.7289 13.7483 0.692817
vel: -12.2946 -8.51624 -0.790997
acc: 5.22771 -12.1794 -0.308152
pos: 28.6675 13.7056 0.688858
vel: -12.2677 -8.5768 -0.792505
acc: 5.54295 -12.0437 -0.294933
pos: 28.6063 13.6626 0.684892
vel: -12.2392 -8.63668 -0.793947
acc: 5.85635 -11.9076 -0.281741
pos: 28.5451 13.6192 0.680919
vel: -12.2091 -8.69587 -0.795322
acc: 6.16787 -11.771 -0.268577
pos: 28.4842 13.5756 0.676939
vel: -12.1775 -8.75439 -0.796632
acc: 6.47748 -11.6341 -0.255444
pos: 28.4234 13.5317 0.672953
vel: -12.1443 -8.81221 -0.797877
acc: 6.78515 -11.4968 -0.242342
pos: 28.3627 13.4875 0.66896
vel: -12.1096 -8.86936 -0.799056
acc: 7.09082 -11.3592 -0.229273
pos: 28.3023 13.443 0.664962
vel: -12.0734 -8.92581 -0.80017
acc: 7.39448 -11.2212 -0.216238
pos: 28.242 13.3982 0.660959
vel: -12.0357 -8.98157 -0.801218
acc: 7.69609 -11.0828 -0.203239
pos: 28.1819 13.3532 0.65695
vel: -11.9965 -9.03663 -0.802202
acc: 7.9956 -10.9441 -0.190276
pos: 28.122 13.3079 0.652937
vel: -11.9557 -9.09101 -0.803121
acc: 8.29299 -10.8051 -0.177351
pos: 28.0624 13.2623 0.648919
vel: -11.9135 -9.14468 -0.803976
acc: 8.58822 -10.6658 -0.164465
pos: 28.0029 13.2164 0.644897
vel: -11.8699 -9.19766 -0.804766
acc: 8.88126 -10.5263 -0.151621
pos: 27.9437 13.1703 0.640872
vel: -11.8247 -9.24995 -0.805492
acc: 9.17206 -10.3864 -0.138818
pos: 27.8847 13.1239 0.636842
vel: -11.7781 -9.30153 -0.806154
acc: 9.46061 -10.2463 -0.126058
pos: 27.8259 13.0773 0.63281
vel: -11.7301 -9.35241 -0.806753
acc: 9.74687 -10.1059 -0.113343
pos: 27.7674 13.0304 0.628775
vel: -11.6807 -9.40259 -0.807288
acc: 10.0308 -9.96531 -0.100674
pos: 27.7091 12.9833 0.624737
vel: -11.6298 -9.45206 -0.807759
acc: 10.3124 -9.82448 -0.0880512
pos: 27.6511 12.9359 0.620698
vel: -11.5776 -9.50083 -0.808168
acc: 10.5916 -9.68343 -0.075477
pos: 27.5933 12.8883 0.616656
vel: -11.5239 -9.5489 -0.808514
acc: 10.8683 -9.54218 -0.0629523
pos: 27.5358 12.8404 0.612613
vel: -11.4689 -9.59625 -0.808798
acc: 11.1426 -9.40075 -0.0504783
pos: 27.4786 12.7923 0.608568
vel: -11.4125 -9.6429 -0.809019
acc: 11.4144 -9.25914 -0.0380562
pos: 27.4217 12.744 0.604522
vel: -11.3547 -9.68884 -0.809178
acc: 11.6838 -9.11737 -0.0256873
pos: 27.3651 12.6954 0.600476
vel: -11.2956 -9.73408 -0.809276
acc: 11.9505 -8.97545 -0.0133727
pos: 27.3087 12.6466 0.59643
vel: -11.2352 -9.7786 -0.809312
acc: 12.2147 -8.83339 -0.00111357
pos: 27.2527 12.5976 0.592383
vel: -11.1735 -9.82241 -0.809287
acc: 12.4763 -8.69121 0.0110888
pos: 27.197 12.5484 0.588337
vel: -11.1105 -9.86551 -0.809202
acc: 12.7352 -8.54892 0.0232334
pos: 27.1416 12.499 0.584291
vel: -11.0462 -9.9079 -0.809055
acc: 12.9915 -8.40652 0.0353189
pos: 27.0866 12.4493 0.580247
vel: -10.9806 -9.94958 -0.808848
acc: 13.2451 -8.26404 0.0473443
pos: 27.0318 12.3995 0.576203
vel: -10.9137 -9.99054 -0.808582
acc: 13.496 -8.12148 0.0593084
pos: 26.9774 12.3494 0.572161
vel: -10.8456 -10.0308 -0.808255
acc: 13.7442 -7.97886 0.07121
pos: 26.9234 12.2992 0.568121
vel: -10.7763 -10.0703 -0.80787
acc: 13.9895 -7.83618 0.0830481
pos: 26.8697 12.2487 0.564082
vel: -10.7057 -10.1092 -0.807425
acc: 14.2321 -7.69347 0.0948216
pos: 26.8163 12.1981 0.560046
vel: -10.634 -10.1473 -0.806922
acc: 14.4718 -7.55073 0.106529
pos: 26.7633 12.1472 0.556013
vel: -10.561 -10.1847 -0.80636
acc: 14.7087 -7.40798 0.11817
pos: 26.7107 12.0962 0.551983
vel: -10.4869 -10.2213 -0.80574
acc: 14.9427 -7.26522 0.129743
pos: 26.6585 12.045 0.547956
vel: -10.4116 -10.2573 -0.805063
acc: 15.1739 -7.12247 0.141247
pos: 26.6066 11.9937 0.543932
vel: -10.3351 -10.2926 -0.804328
acc: 15.402 -6.97974 0.152681
pos: 26.5551 11.9421 0.539913
vel: -10.2576 -10.3271 -0.803536
acc: 15.6273 -6.83705 0.164045
pos: 26.504 11.8904 0.535897
vel: -10.1789 -10.3609 -0.802687
acc: 15.8496 -6.6944 0.175336
pos: 26.4533 11.8385 0.531886
vel: -10.0991 -10.3941 -0.801783
acc: 16.0688 -6.5518 0.186554
pos: 26.403 11.7865 0.527879
vel: -10.0182 -10.4265 -0.800822
acc: 16.2851 -6.40928 0.197697
pos: 26.3531 11.7342 0.523878
vel: -9.93623 -10.4581 -0.799806
acc: 16.4983 -6.26683 0.208766
pos: 26.3037 11.6819 0.519881
vel: -9.85321 -10.4891 -0.798734
acc: 16.7084 -6.12448 0.219759
pos: 26.2546 11.6293 0.51589
vel: -9.76915 -10.5194 -0.797608
acc: 16.9155 -5.98222 0.230675
pos: 26.206 11.5767 0.511905
vel: -9.68406 -10.5489 -0.796428
acc: 17.1195 -5.84009 0.241513
pos: 26.1578 11.5239 0.507926
vel: -9.59796 -10.5778 -0.795193
acc: 17.3203 -5.69807 0.252272
pos: 26.11 11.4709 0.503954
vel: -9.51086 -10.6059 -0.793905
acc: 17.518 -5.5562 0.262951
pos: 26.0627 11.4178 0.499987
vel: -9.42279 -10.6334 -0.792564
acc: 17.7125 -5.41447 0.27355
pos: 26.0158 11.3646 0.496028
vel: -9.33374 -10.6601 -0.79117
acc: 17.9038 -5.27291 0.284067
pos: 25.9693 11.3112 0.492076
vel: -9.24375 -10.6861 -0.789723
acc: 18.092 -5.13151 0.294502
pos: 25.9233 11.2577 0.488131
vel: -9.15283 -10.7114 -0.788225
acc: 18.2769 -4.9903 0.304853
pos: 25.8778 11.2041 0.484194
vel: -9.06099 -10.736 -0.786675
acc: 18.4586 -4.84928 0.31512
pos: 25.8327 11.1504 0.480264
vel: -8.96825 -10.7599 -0.785074
acc: 18.637 -4.70847 0.325302
pos: 25.7881 11.0965 0.476343
vel: -8.87463 -10.7831 -0.783422
acc: 18.8121 -4.56787 0.335399
pos: 25.744 11.0425 0.47243
vel: -8.78013 -10.8056 -0.78172
acc: 18.984 -4.42749 0.345408
pos: 25.7003 10.9884 0.468526
vel: -8.68479 -10.8273 -0.779968
acc: 19.1526 -4.28736 0.35533
pos: 25.6571 10.9342 0.46463
vel: -8.58861 -10.8484 -0.778167
acc: 19.3178 -4.14747 0.365164
pos: 25.6144 10.88 0.460744
vel: -8.49162 -10.8688 -0.776317
acc: 19.4797 -4.00784 0.374909
pos: 25.5722 10.8256 0.456867
vel: -8.39382 -10.8885 -0.774418
acc: 19.6383 -3.86848 0.384564
pos: 25.5305 10.7711 0.453
vel: -8.29524 -10.9075 -0.772471
acc: 19.7935 -3.7294 0.394129
pos: 25.4893 10.7165 0.449143
vel: -8.19589 -10.9258 -0.770477
acc: 19.9453 -3.59061 0.403603
pos: 25.4485 10.6618 0.445295
vel: -8.09579 -10.9434 -0.768435
acc: 20.0938 -3.45212 0.412984
pos: 25.4083 10.6071 0.441458
vel: -7.99496 -10.9603 -0.766347
acc: 20.2389 -3.31394 0.422273
pos: 25.3686 10.5522 0.437632
vel: -7.89341 -10.9766 -0.764213
acc: 20.3805 -3.17608 0.431469
pos: 25.3294 10.4973 0.433816
vel: -7.79116 -10.9921 -0.762033
acc: 20.5188 -3.03855 0.440571
pos: 25.2907 10.4423 0.430012
vel: -7.68823 -11.0069 -0.759807
acc: 20.6536 -2.90136 0.449578
pos: 25.2525 10.3872 0.426218
vel: -7.58463 -11.0211 -0.757537
acc: 20.7849 -2.76453 0.45849
pos: 25.2148 10.3321 0.422436
vel: -7.48039 -11.0346 -0.755222
acc: 20.9129 -2.62805 0.467307
pos: 25.1777 10.2769 0.418666
vel: -7.37551 -11.0474 -0.752864
acc: 21.0374 -2.49195 0.476026
pos: 25.1411 10.2216 0.414908
vel: -7.27002 -11.0595 -0.750462
acc: 21.1584 -2.35623 0.484649
pos: 25.105 10.1663 0.411162
vel: -7.16393 -11.0709 -0.748018
acc: 21.2759 -2.2209 0.493175
pos: 25.0694 10.1109 0.407428
vel: -7.05726 -11.0817 -0.745531
acc: 21.39 -2.08597 0.501602
pos: 25.0344 10.0555 0.403706
vel: -6.95004 -11.0918 -0.743002
acc: 21.5006 -1.95144 0.509931
pos: 24.9999 9.99999 0.399998
vel: -6.84226 -11.1012 -0.740432
acc: 21.6077 -1.81734 0.51816
pos: 25 9.99999 0.399999
vel: -6.84234 -11.1013 -0.740435
acc: 21.6078 -1.81733 0.518162
pos: 24.966 9.94446 0.396303
vel: -6.73404 -11.11 -0.737823
acc: 21.7113 -1.68368 0.526277
pos: 24.9326 9.88889 0.39262
vel: -6.62523 -11.1181 -0.735172
acc: 21.8113 -1.55049 0.534262
pos: 24.8998 9.83328 0.388951
vel: -6.51593 -11.1255 -0.732481
acc: 21.9077 -1.41779 0.542118
pos: 24.8675 9.77764 0.385296
vel: -6.40616 -11.1323 -0.729751
acc: 22.0005 -1.28557 0.549846
pos: 24.8357 9.72196 0.381654
vel: -6.29593 -11.1384 -0.726983
acc: 22.0897 -1.15385 0.557445
pos: 24.8045 9.66626 0.378026
vel: -6.18527 -11.1438 -0.724177
acc: 22.1754 -1.02264 0.564915
pos: 24.7739 9.61052 0.374412
vel: -6.07419 -11.1486 -0.721334
acc: 22.2574 -0.891937 0.572259
pos: 24.7438 9.55477 0.370813
vel: -5.9627 -11.1527 -0.718454
acc: 22.3359 -0.761756 0.579475
pos: 24.7142 9.499 0.367228
vel: -5.85083 -11.1562 -0.715539
acc: 22.4107 -0.632102 0.586564
pos: 24.6853 9.44321 0.363657
vel: -5.7386 -11.159 -0.712589
acc: 22.482 -0.502984 0.593526
pos: 24.6568 9.38741 0.360102
vel: -5.62602 -11.1612 -0.709604
acc: 22.5497 -0.37441 0.600363
pos: 24.629 9.3316 0.356561
vel: -5.51311 -11.1628 -0.706586
acc: 22.6139 -0.246386 0.607074
pos: 24.6017 9.27578 0.353036
vel: -5.39989 -11.1637 -0.703534
acc: 22.6745 -0.11892 0.61366
pos: 24.575 9.21996 0.349526
vel: -5.28637 -11.164 -0.700449
acc: 22.7315 0.00798096 0.620121
pos: 24.5489 9.16414 0.346032
vel: -5.17258 -11.1636 -0.697333
acc: 22.7849 0.134309 0.626458
pos: 24.5233 9.10833 0.342553
vel: -5.05853 -11.1626 -0.694185
acc: 22.8349 0.260057 0.632672
pos: 24.4983 9.05252 0.33909
vel: -4.94423 -11.161 -0.691006
acc: 22.8812 0.385219 0.638761
pos: 24.4738 8.99672 0.335643
vel: -4.82972 -11.1588 -0.687797
acc: 22.9241 0.509786 0.644728
pos: 24.45 8.94093 0.332212
vel: -4.715 -11.1559 -0.684559
acc: 22.9634 0.633753 0.650573
pos: 24.4267 8.88516 0.328797
vel: -4.60009 -11.1525 -0.681292
acc: 22.9992 0.757111 0.656296
pos: 24.404 8.82941 0.325399
vel: -4.48501 -11.1484 -0.677996
acc: 23.0314 0.879856 0.661897
pos: 24.3818 8.77368 0.322017
vel: -4.36978 -11.1437 -0.674673
acc: 23.0602 1.00198 0.667378
pos: 24.3603 8.71797 0.318652
vel: -4.25442 -11.1383 -0.671323
acc: 23.0855 1.12347 0.672738
pos: 24.3393 8.66229 0.315304
vel: -4.13893 -11.1324 -0.667946
acc: 23.1073 1.24433 0.677978
pos: 24.3189 8.60665 0.311973
vel: -4.02335 -11.1259 -0.664543
acc: 23.1257 1.36455 0.683098
pos: 24.2991 8.55104 0.308659
vel: -3.90768 -11.1188 -0.661115
acc: 23.1406 1.48413 0.6881
pos: 24.2798 8.49546 0.305362
vel: -3.79195 -11.1111 -0.657662
acc: 23.152 1.60305 0.692984
pos: 24.2611 8.43993 0.302082
vel: -3.67617 -11.1027 -0.654185
acc: 23.16 1.7213 0.69775
pos: 24.243 8.38443 0.29882
vel: -3.56036 -11.0938 -0.650685
acc: 23.1646 1.8389 0.702398
pos: 24.2255 8.32899 0.295575
vel: -3.44453 -11.0844 -0.647162
acc: 23.1657 1.95582 0.70693
pos: 24.2086 8.27359 0.292348
vel: -3.3287 -11.0743 -0.643616
acc: 23.1635 2.07206 0.711345
pos: 24.1922 8.21825 0.289139
vel: -3.2129 -11.0636 -0.640048
acc: 23.1579 2.18762 0.715645
pos: 24.1765 8.16296 0.285948
vel: -3.09713 -11.0524 -0.63646
acc: 23.149 2.30249 0.71983
pos: 24.1613 8.10772 0.282775
vel: -2.98141 -11.0406 -0.63285
acc: 23.1366 2.41666 0.7239
pos: 24.1467 8.05255 0.279619
vel: -2.86577 -11.0283 -0.629221
acc: 23.121 2.53013 0.727856
pos: 24.1326 7.99744 0.276483
vel: -2.75021 -11.0153 -0.625572
acc: 23.102 2.64289 0.731699
pos: 24.1192 7.9424 0.273364
vel: -2.63475 -11.0018 -0.621904
acc: 23.0797 2.75494 0.73543
pos: 24.1063 7.88743 0.270263
vel: -2.51942 -10.9878 -0.618218
acc: 23.0542 2.86627 0.739048
pos: 24.094 7.83252 0.267182
vel: -2.40422 -10.9732 -0.614514
acc: 23.0253 2.97688 0.742554
pos: 24.0822 7.77769 0.264118
vel: -2.28917 -10.958 -0.610792
acc: 22.9933 3.08676 0.74595
pos: 24.0711 7.72294 0.261074
vel: -2.17429 -10.9423 -0.607054
acc: 22.9579 3.1959 0.749235
pos: 24.0605 7.66827 0.258048
vel: -2.0596 -10.926 -0.6033
acc: 22.9194 3.3043 0.75241
pos: 24.0505 7.61368 0.255041
vel: -1.9451 -10.9093 -0.599531
acc: 22.8777 3.41196 0.755476
pos: 24.041 7.55918 0.252053
vel: -1.83083 -10.8919 -0.595746
acc: 22.8327 3.51887 0.758434
pos: 24.0322 7.50477 0.249083
vel: -1.71678 -10.8741 -0.591946
acc: 22.7847 3.62502 0.761283
pos: 24.0239 7.45044 0.246133
vel: -1.60298 -10.8557 -0.588133
acc: 22.7335 3.73042 0.764025
pos: 24.0161 7.39621 0.243202
vel: -1.48945 -10.8368 -0.584306
acc: 22.6791 3.83504 0.766661
pos: 24.009 7.34207 0.24029
vel: -1.3762 -10.8173 -0.580467
acc: 22.6217 3.9389 0.76919
pos: 24.0024 7.28804 0.237397
vel: -1.26324 -10.7974 -0.576615
acc: 22.5612 4.04199 0.771615
pos: 23.9963 7.2341 0.234524
vel: -1.15059 -10.7769 -0.572751
acc: 22.4976 4.14429 0.773934
pos: 23.9909 7.18027 0.23167
vel: -1.03827 -10.7559 -0.568875
acc: 22.431 4.24581 0.776149
pos: 23.986 7.12654 0.228835
vel: -0.926286 -10.7345 -0.564989
acc: 22.3614 4.34655 0.778261
pos: 23.9816 7.07293 0.22602
vel: -0.814659 -10.7125 -0.561093
acc: 22.2888 4.44649 0.78027
pos: 23.9778 7.01942 0.223224
vel: -0.703403 -10.69 -0.557187
acc: 22.2132 4.54563 0.782177
pos: 23.9746 6.96603 0.220448
vel: -0.592532 -10.667 -0.553271
acc: 22.1347 4.64398 0.783982
pos: 23.9719 6.91275 0.217692
vel: -0.48206 -10.6436 -0.549347
acc: 22.0533 4.74151 0.785687
pos: 23.9697 6.85959 0.214955
vel: -0.372003 -10.6196 -0.545415
acc: 21.969 4.83824 0.787291
pos: 23.9682 6.80655 0.212237
vel: -0.262375 -10.5952 -0.541474
acc: 21.8818 4.93416 0.788796
pos: 23.9671 6.75364 0.20954
vel: -0.153191 -10.5703 -0.537527
acc: 21.7917 5.02925 0.790203
pos: 23.9666 6.70085 0.206862
vel: -0.0444632 -10.5449 -0.533573
acc: 21.6988 5.12353 0.791511
pos: 23.9667 6.64819 0.204204
vel: 0.0637929 -10.519 -0.529612
acc: 21.6031 5.21698 0.792722
pos: 23.9673 6.59566 0.201566
vel: 0.171564 -10.4927 -0.525646
acc: 21.5047 5.3096 0.793836
pos: 23.9684 6.54327 0.198948
vel: 0.278835 -10.4659 -0.521674
acc: 21.4035 5.40139 0.794854
pos: 23.9701 6.491 0.196349
vel: 0.385594 -10.4387 -0.517697
acc: 21.2996 5.49234 0.795777
pos: 23.9722 6.43888 0.193771
vel: 0.491827 -10.411 -0.513716
acc: 21.193 5.58246 0.796605
pos: 23.975 6.3869 0.191212
vel: 0.597519 -10.3829 -0.509731
acc: 21.0837 5.67173 0.79734
pos: 23.9782 6.33505 0.188674
vel: 0.702659 -10.3543 -0.505743
acc: 20.9718 5.76015 0.797981
pos: 23.982 6.28335 0.186155
vel: 0.807233 -10.3253 -0.501752
acc: 20.8572 5.84772 0.79853
pos: 23.9863 6.2318 0.183656
vel: 0.911227 -10.2958 -0.497758
acc: 20.7401 5.93444 0.798987
pos: 23.9911 6.1804 0.181177
vel: 1.01463 -10.2659 -0.493762
acc: 20.6204 6.0203 0.799353
pos: 23.9964 6.12914 0.178718
vel: 1.11743 -10.2356 -0.489764
acc: 20.4982 6.1053 0.799629
pos: 24.0023 6.07804 0.17628
vel: 1.21961 -10.2049 -0.485766
acc: 20.3735 6.18944 0.799815
pos: 24.0086 6.02709 0.173861
vel: 1.32116 -10.1737 -0.481766
acc: 20.2463 6.27271 0.799913
pos: 24.0155 5.9763 0.171462
vel: 1.42207 -10.1422 -0.477767
acc: 20.1166 6.35512 0.799922
pos: 24.0229 5.92567 0.169083
vel: 1.52232 -10.1102 -0.473767
acc: 19.9846 6.43665 0.799845
pos: 24.0307 5.8752 0.166724
vel: 1.62191 -10.0778 -0.469768
acc: 19.8501 6.51731 0.79968
pos: 24.0391 5.8249 0.164385
vel: 1.72082 -10.045 -0.465771
acc: 19.7133 6.59709 0.79943
pos: 24.0479 5.77475 0.162067
vel: 1.81904 -10.0118 -0.461774
acc: 19.5742 6.67599 0.799095
pos: 24.0573 5.72478 0.159768
vel: 1.91655 -9.97824 -0.45778
acc: 19.4327 6.75401 0.798675
pos: 24.0671 5.67497 0.157489
vel: 2.01336 -9.94428 -0.453788
acc: 19.289 6.83114 0.798172
pos: 24.0774 5.62534 0.15523
vel: 2.10944 -9.90993 -0.449798
acc: 19.1431 6.90739 0.797586
pos: 24.0882 5.57587 0.152991
vel: 2.20479 -9.87521 -0.445812
acc: 18.9949 6.98275 0.796917
pos: 24.0994 5.52658 0.150772
vel: 2.29939 -9.84011 -0.441829
acc: 18.8446 7.05721 0.796168
pos: 24.1112 5.47747 0.148572
vel: 2.39323 -9.80464 -0.43785
acc: 18.6922 7.13078 0.795338
pos: 24.1234 5.42854 0.146393
vel: 2.4863 -9.7688 -0.433876
acc: 18.5376 7.20346 0.794428
pos: 24.136 5.37978 0.144234
vel: 2.5786 -9.7326 -0.429906
acc: 18.3809 7.27523 0.793439
pos: 24.1492 5.33121 0.142094
vel: 2.67011 -9.69605 -0.425942
acc: 18.2222 7.34611 0.792372
pos: 24.1627 5.28282 0.139974
vel: 2.76082 -9.65914 -0.421983
acc: 18.0615 7.41608 0.791228
pos: 24.1768 5.23462 0.137874
vel: 2.85072 -9.62189 -0.41803
acc: 17.8988 7.48515 0.790007
pos: 24.1912 5.18661 0.135794
vel: 2.93981 -9.58429 -0.414083
acc: 17.7341 7.55331 0.78871
pos: 24.2062 5.13878 0.133733
vel: 3.02806 -9.54636 -0.410143
acc: 17.5675 7.62056 0.787337
pos: 24.2215 5.09114 0.131693
vel: 3.11548 -9.50809 -0.406209
acc: 17.399 7.68691 0.785891
pos: 24.2373 5.0437 0.129671
vel: 3.20205 -9.46949 -0.402284
acc: 17.2287 7.75234 0.784371
pos: 24.2535 4.99645 0.12767
vel: 3.28776 -9.43057 -0.398366
acc: 17.0565 7.81686 0.782778
pos: 24.2702 4.94939 0.125688
vel: 3.37261 -9.39133 -0.394456
acc: 16.8826 7.88046 0.781113
pos: 24.2873 4.90254 0.123725
vel: 3.45658 -9.35177 -0.390555
acc: 16.7069 7.94315 0.779377
pos: 24.3047 4.85588 0.121782
vel: 3.53968 -9.3119 -0.386662
acc: 16.5295 8.00493 0.777571
pos: 24.3227 4.80942 0.119858
vel: 3.62188 -9.27172 -0.382779
acc: 16.3504 8.06578 0.775695
pos: 24.341 4.76316 0.117954
vel: 3.70318 -9.23124 -0.378906
acc: 16.1696 8.12572 0.77375
pos: 24.3597 4.71711 0.116069
vel: 3.78357 -9.19046 -0.375042
acc: 15.9872 8.18473 0.771737
pos: 24.3788 4.67126 0.114204
vel: 3.86305 -9.14939 -0.371188
acc: 15.8032 8.24282 0.769657
pos: 24.3983 4.62561 0.112357
vel: 3.9416 -9.10804 -0.367345
acc: 15.6177 8.29999 0.76751
pos: 24.4182 4.58018 0.11053
vel: 4.01922 -9.06639 -0.363513
acc: 15.4307 8.35624 0.765298
pos: 24.4385 4.53495 0.108722
vel: 4.0959 -9.02447 -0.359693
acc: 15.2421 8.41156 0.763021
pos: 24.4592 4.48993 0.106933
vel: 4.17164 -8.98228 -0.355883
acc: 15.0522 8.46596 0.76068
pos: 24.4802 4.44513 0.105163
vel: 4.24642 -8.93982 -0.352086
acc: 14.8608 8.51943 0.758276
pos: 24.5016 4.40053 0.103413
vel: 4.32025 -8.89709 -0.348301
acc: 14.668 8.57197 0.755809
pos: 24.5234 4.35616 0.10168
vel: 4.3931 -8.8541 -0.344528
acc: 14.4739 8.62359 0.753281
pos: 24.5456 4.31199 0.0999672
vel: 4.46498 -8.81085 -0.340768
acc: 14.2785 8.67427 0.750692
pos: 24.5681 4.26805 0.0982728
vel: 4.53588 -8.76736 -0.337021
acc: 14.0818 8.72403 0.748043
pos: 24.5909 4.22432 0.096597
vel: 4.6058 -8.72361 -0.333288
acc: 13.8839 8.77286 0.745335
pos: 24.6141 4.18081 0.0949399
vel: 4.67472 -8.67963 -0.329568
acc: 13.6847 8.82077 0.742568
pos: 24.6377 4.13752 0.0933013
vel: 4.74264 -8.63541 -0.325862
acc: 13.4844 8.86774 0.739744
pos: 24.6615 4.09446 0.0916812
vel: 4.80956 -8.59095 -0.32217
acc: 13.283 8.91378 0.736863
pos: 24.6858 4.05162 0.0900796
vel: 4.87547 -8.54627 -0.318493
acc: 13.0805 8.95889 0.733927
pos: 24.7103 4.009 0.0884963
vel: 4.94037 -8.50137 -0.314831
acc: 12.8769 9.00307 0.730935
pos: 24.7352 3.9666 0.0869312
vel: 5.00424 -8.45624 -0.311184
acc: 12.6723 9.04633 0.727889
pos: 24.7603 3.92443 0.0853844
vel: 5.06709 -8.41091 -0.307552
acc: 12.4667 9.08865 0.724789
pos: 24.7858 3.88249 0.0838557
vel: 5.1289 -8.36536 -0.303936
acc: 12.2601 9.13004 0.721637
pos: 24.8116 3.84078 0.082345
vel: 5.18969 -8.31961 -0.300336
acc: 12.0527 9.17051 0.718432
pos: 24.8377 3.7993 0.0808523
vel: 5.24943 -8.27365 -0.296752
acc: 11.8443 9.21004 0.715177
pos: 24.8641 3.75804 0.0793775
vel: 5.30813 -8.22751 -0.293185
acc: 11.6351 9.24864 0.711872
pos: 24.8908 3.71702 0.0779204
vel: 5.36578 -8.18117 -0.289634
acc: 11.4251 9.28632 0.708517
pos: 24.9178 3.67623 0.0764811
vel: 5.42238 -8.13465 -0.286099
acc: 11.2144 9.32307 0.705113
pos: 24.945 3.63568 0.0750594
vel: 5.47792 -8.08794 -0.282582
acc: 11.0029 9.35889 0.701662
pos: 24.9726 3.59535 0.0736552
vel: 5.53241 -8.04106 -0.279083
acc: 10.7906 9.39378 0.698164
pos: 25.0004 3.55527 0.0722685
vel: 5.58583 -7.994 -0.275601
acc: 10.5778 9.42775 0.69462
pos: 25.0284 3.51541 0.0708992
vel: 5.63818 -7.94678 -0.272137
acc: 10.3643 9.46079 0.69103
pos: 25.0567 3.4758 0.0695471
vel: 5.68947 -7.8994 -0.268691
acc: 10.1502 9.49291 0.687396
pos: 25.0853 3.43642 0.0682123
vel: 5.73968 -7.85186 -0.265263
acc: 9.93555 9.5241 0.683718
pos: 25.1141 3.39728 0.0668945
vel: 5.78882 -7.80416 -0.261854
acc: 9.72038 9.55437 0.679997
pos: 25.1432 3.35838 0.0655937
vel: 5.83689 -7.75631 -0.258463
acc: 9.50474 9.58371 0.676234
pos: 25.1725 3.31972 0.0643098
vel: 5.88387 -7.70832 -0.255091
acc: 9.28865 9.61214 0.67243
pos: 25.202 3.2813 0.0630428
vel: 5.92977 -7.66019 -0.251739
acc: 9.07215 9.63964 0.668586
pos: 25.2318 3.24312 0.0617924
vel: 5.97459 -7.61193 -0.248406
acc: 8.85528 9.66623 0.664702
pos: 25.2618 3.20518 0.0605587
vel: 6.01833 -7.56353 -0.245092
acc: 8.63807 9.69189 0.660779
pos: 25.292 3.16748 0.0593414
vel: 6.06097 -7.51501 -0.241798
acc: 8.42056 9.71664 0.656818
pos: 25.3224 3.13003 0.0581407
vel: 6.10253 -7.46637 -0.238524
acc: 8.20279 9.74048 0.652819
pos: 25.353 3.09282 0.0569562
vel: 6.143 -7.41761 -0.23527
acc: 7.98479 9.7634 0.648785
pos: 25.3838 3.05585 0.0557879
vel: 6.18238 -7.36874 -0.232036
acc: 7.7666 9.78541 0.644715
pos: 25.4148 3.01913 0.0546358
vel: 6.22067 -7.31975 -0.228823
acc: 7.54825 9.80651 0.64061
pos: 25.446 2.98265 0.0534997
vel: 6.25786 -7.27067 -0.22563
acc: 7.32978 9.82669 0.636471
pos: 25.4774 2.94642 0.0523795
vel: 6.29396 -7.22149 -0.222458
acc: 7.11123 9.84598 0.632299
pos: 25.509 2.91044 0.051275
vel: 6.32897 -7.17221 -0.219307
acc: 6.89264 9.86435 0.628095
pos: 25.5407 2.8747 0.0501863
vel: 6.36289 -7.12285 -0.216177
acc: 6.67403 9.88182 0.623859
pos: 25.5726 2.83921 0.0491132
vel: 6.39571 -7.0734 -0.213068
acc: 6.45544 9.89839 0.619592
pos: 25.6046 2.80397 0.0480556
vel: 6.42744 -7.02387 -0.209981
acc: 6.23692 9.91406 0.615295
pos: 25.6369 2.76897 0.0470134
vel: 6.45808 -6.97426 -0.206915
acc: 6.01849 9.92882 0.61097
pos: 25.6692 2.73423 0.0459864
vel: 6.48763 -6.92458 -0.203872
acc: 5.80019 9.9427 0.606616
pos: 25.7017 2.69973 0.0449746
vel: 6.51608 -6.87483 -0.200849
acc: 5.58207 9.95568 0.602234
pos: 25.7344 2.66548 0.0439779
vel: 6.54345 -6.82502 -0.197849
acc: 5.36414 9.96776 0.597826
pos: 25.7672 2.63148 0.0429961
vel: 6.56973 -6.77516 -0.194871
acc: 5.14645 9.97896 0.593392
pos: 25.8001 2.59773 0.0420292
vel: 6.59491 -6.72523 -0.191915
acc: 4.92904 9.98926 0.588932
pos: 25.8331 2.56422 0.0410769
vel: 6.61902 -6.67526 -0.188982
acc: 4.71194 9.99869 0.584448
pos: 25.8663 2.53097 0.0401393
vel: 6.64203 -6.62525 -0.186071
acc: 4.49518 10.0072 0.579941
pos: 25.8995 2.49797 0.0392162
vel: 6.66397 -6.57519 -0.183182
acc: 4.2788 10.0149 0.575411
pos: 25.9329 2.46522 0.0383074
vel: 6.68482 -6.5251 -0.180317
acc: 4.06283 10.0217 0.570859
pos: 25.9664 2.43272 0.037413
vel: 6.7046 -6.47498 -0.177474
acc: 3.84732 10.0276 0.566285
pos: 25.9999 2.40047 0.0365327
vel: 6.7233 -6.42483 -0.174654
acc: 3.63228 10.0326 0.561692
pos: 26.0336 2.36847 0.0356664
vel: 6.74092 -6.37465 -0.171857
acc: 3.41777 10.0368 0.557078
pos: 26.0673 2.33673 0.0348141
vel: 6.75748 -6.32446 -0.169083
acc: 3.20381 10.0401 0.552446
pos: 26.1012 2.30523 0.0339755
vel: 6.77296 -6.27426 -0.166333
acc: 2.99044 10.0425 0.547796
pos: 26.1351 2.27398 0.0331507
vel: 6.78738 -6.22404 -0.163605
acc: 2.77769 10.0441 0.543128
pos: 26.169 2.24299 0.0323394
vel: 6.80074 -6.17382 -0.160901
acc: 2.56559 10.0448 0.538444
pos: 26.2031 2.21224 0.0315416
vel: 6.81304 -6.12359 -0.158221
acc: 2.35419 10.0446 0.533744
pos: 26.2372 2.18175 0.0307572
vel: 6.82428 -6.07337 -0.155564
acc: 2.14351 10.0436 0.529028
pos: 26.2713 2.15151 0.029986
vel: 6.83447 -6.02316 -0.152931
acc: 1.93358 10.0418 0.524299
pos: 26.3055 2.12152 0.0292278
vel: 6.84362 -5.97296 -0.150321
acc: 1.72445 10.0391 0.519556
pos: 26.3398 2.09178 0.0284827
vel: 6.85172 -5.92277 -0.147735
acc: 1.51614 10.0355 0.514801
pos: 26.374 2.06229 0.0277504
vel: 6.85878 -5.8726 -0.145173
acc: 1.30869 10.0311 0.510033
pos: 26.4083 2.03306 0.0270309
vel: 6.86481 -5.82246 -0.142635
acc: 1.10212 10.0259 0.505255
pos: 26.4427 2.00407 0.0263241
vel: 6.86981 -5.77234 -0.14012
acc: 0.896485 10.0199 0.500465
pos: 26.477 1.97533 0.0256297
vel: 6.87378 -5.72226 -0.13763
acc: 0.691802 10.013 0.495667
pos: 26.5114 1.94685 0.0249477
vel: 6.87672 -5.67221 -0.135164
acc: 0.488107 10.0053 0.490859
pos: 26.5458 1.91861 0.024278
vel: 6.87866 -5.62221 -0.132722
acc: 0.285433 9.99676 0.486043
pos: 26.5802 1.89062 0.0236205
vel: 6.87958 -5.57225 -0.130303
acc: 0.0838118 9.98742 0.481219
pos: 26.6146 1.86289 0.0229749
vel: 6.8795 -5.52234 -0.127909
acc: -0.116725 9.97725 0.476389
pos: 26.649 1.8354 0.0223413
vel: 6.87842 -5.47248 -0.12554
acc: -0.316146 9.96628 0.471552
pos: 26.6834 1.80816 0.0217195
vel: 6.87634 -5.42268 -0.123194
acc: -0.514419 9.9545 0.466711
pos: 26.7178 1.78117 0.0211093
vel: 6.87327 -5.37293 -0.120872
acc: -0.711513 9.94191 0.461864
pos: 26.7521 1.75443 0.0205107
vel: 6.86923 -5.32326 -0.118575
acc: -0.907397 9.92853 0.457014
pos: 26.7864 1.72794 0.0199236
vel: 6.8642 -5.27365 -0.116302
acc: -1.10204 9.91434 0.452161
pos: 26.8208 1.7017 0.0193477
vel: 6.85821 -5.22412 -0.114054
acc: -1.29541 9.89937 0.447306
pos: 26.855 1.6757 0.018783
vel: 6.85125 -5.17466 -0.111829
acc: -1.48748 9.88361 0.442448
pos: 26.8893 1.64995 0.0182293
vel: 6.84333 -5.12528 -0.109629
acc: -1.67822 9.86706 0.43759
pos: 26.9235 1.62445 0.0176866
vel: 6.83447 -5.07599 -0.107453
acc: -1.86759 9.84974 0.432732
pos: 26.9576 1.59919 0.0171548
vel: 6.82466 -5.02678 -0.105302
acc: -2.05558 9.83164 0.427874
pos: 26.9917 1.57418 0.0166336
vel: 6.81392 -4.97767 -0.103175
acc: -2.24214 9.81277 0.423017
pos: 27.0257 1.54941 0.016123
vel: 6.80224 -4.92866 -0.101072
acc: -2.42725 9.79314 0.418162
pos: 27.0597 1.52489 0.0156228
vel: 6.78965 -4.87974 -0.098993
acc: -2.61088 9.77274 0.413309
pos: 27.0936 1.50061 0.015133
vel: 6.77614 -4.83093 -0.0969386
acc: -2.79301 9.75158 0.40846
pos: 27.1275 1.47658 0.0146534
vel: 6.76172 -4.78223 -0.0949084
acc: -2.97359 9.72968 0.403614
pos: 27.1613 1.45279 0.0141839
vel: 6.7464 -4.73364 -0.0929024
acc: -3.15262 9.70702 0.398773
pos: 27.1949 1.42925 0.0137243
vel: 6.7302 -4.68516 -0.0909206
acc: -3.33005 9.68362 0.393937
pos: 27.2286 1.40594 0.0132746
vel: 6.7131 -4.6368 -0.088963
acc: -3.50586 9.65949 0.389108
pos: 27.2621 1.38288 0.0128347
vel: 6.69514 -4.58857 -0.0870296
acc: -3.68002 9.63461 0.384284
pos: 27.2955 1.36005 0.0124043
vel: 6.67631 -4.54046 -0.0851202
acc: -3.85251 9.60901 0.379468
pos: 27.3288 1.33747 0.0119834
vel: 6.65662 -4.49248 -0.0832349
acc: -4.02329 9.58269 0.37466
pos: 27.3621 1.31513 0.0115719
vel: 6.63608 -4.44463 -0.0813736
acc: -4.19235 9.55565 0.369861
pos: 27.3952 1.29303 0.0111696
vel: 6.6147 -4.39692 -0.0795362
acc: -4.35966 9.52789 0.365071
pos: 27.4282 1.27116 0.0107765
vel: 6.59248 -4.34935 -0.0777228
acc: -4.52518 9.49942 0.36029
pos: 27.4611 1.24953 0.0103924
vel: 6.56945 -4.30193 -0.0759333
acc: -4.6889 9.47025 0.35552
pos: 27.4939 1.22814 0.0100171
vel: 6.5456 -4.25465 -0.0741676
acc: -4.85079 9.44039 0.350761
pos: 27.5266 1.20699 0.00965067
vel: 6.52094 -4.20753 -0.0724257
acc: -5.01083 9.40982 0.346014
pos: 27.5591 1.18607 0.00929284
vel: 6.49549 -4.16055 -0.0707075
acc: -5.16898 9.37857 0.34128
pos: 27.5915 1.16538 0.00894355
vel: 6.46926 -4.11374 -0.0690129
acc: -5.32523 9.34664 0.336558
pos: 27.6238 1.14493 0.00860267
vel: 6.44224 -4.06709 -0.0673418
acc: -5.47955 9.31403 0.33185
pos: 27.656 1.12471 0.00827009
vel: 6.41446 -4.0206 -0.0656943
acc: -5.63192 9.28075 0.327156
pos: 27.688 1.10472 0.00794569
vel: 6.38593 -3.97428 -0.0640703
acc: -5.78231 9.2468 0.322477
pos: 27.7198 1.08497 0.00762935
vel: 6.35664 -3.92813 -0.0624695
acc: -5.9307 9.2122 0.317814
pos: 27.7515 1.06544 0.00732096
vel: 6.32662 -3.88216 -0.0608921
acc: -6.07708 9.17693 0.313167
pos: 27.7831 1.04614 0.00702039
vel: 6.29588 -3.83637 -0.0593378
acc: -6.22141 9.14102 0.308536
pos: 27.8145 1.02708 0.00672754
vel: 6.26441 -3.79075 -0.0578067
acc: -6.36367 9.10447 0.303922
pos: 27.8457 1.00824 0.00644229
vel: 6.23224 -3.74532 -0.0562986
acc: -6.50385 9.06727 0.299327
pos: 27.8768 0.989622 0.00616452
vel: 6.19938 -3.70008 -0.0548134
acc: -6.64192 9.02945 0.294749
pos: 27.9077 0.971234 0.00589411
vel: 6.16583 -3.65503 -0.0533511
acc: -6.77786 8.991 0.290191
pos: 27.9385 0.953071 0.00563097
vel: 6.1316 -3.61017 -0.0519115
acc: -6.91165 8.95193 0.285652
pos: 27.969 0.935132 0.00537496
vel: 6.09672 -3.56551 -0.0504945
acc: -7.04328 8.91224 0.281133
pos: 27.9994 0.917416 0.00512599
vel: 6.06117 -3.52105 -0.0491001
acc: -7.17271 8.87195 0.276635
pos: 28.0296 0.899921 0.00488392
vel: 6.02499 -3.47679 -0.0477281
acc: -7.29994 8.83106 0.272158
pos: 28.0597 0.882648 0.00464867
vel: 5.98818 -3.43274 -0.0463785
acc: -7.42494 8.78957 0.267703
pos: 28.0895 0.865594 0.0044201
vel: 5.95075 -3.3889 -0.0450511
acc: -7.54769 8.74749 0.26327
pos: 28.1192 0.848758 0.00419812
vel: 5.91271 -3.34527 -0.0437458
acc: -7.66818 8.70482 0.25886
pos: 28.1486 0.832141 0.00398261
vel: 5.87407 -3.30185 -0.0424624
acc: -7.78639 8.66159 0.254473
pos: 28.1779 0.815739 0.00377346
vel: 5.83485 -3.25865 -0.041201
acc: -7.9023 8.61778 0.25011
pos: 28.207 0.799554 0.00357056
vel: 5.79505 -3.21567 -0.0399613
acc: -8.0159 8.57341 0.245771
pos: 28.2359 0.783582 0.00337381
vel: 5.75469 -3.17292 -0.0387432
acc: -8.12716 8.52848 0.241457
pos: 28.2645 0.767824 0.00318309
vel: 5.71378 -3.13039 -0.0375467
acc: -8.23607 8.483 0.237169
pos: 28.293 0.752278 0.00299831
vel: 5.67233 -3.08809 -0.0363715
acc: -8.34263 8.43697 0.232906
pos: 28.3213 0.736943 0.00281934
vel: 5.63036 -3.04602 -0.0352176
acc: -8.4468 8.39041 0.22867
pos: 28.3493 0.721817 0.0026461
vel: 5.58787 -3.00419 -0.0340848
acc: -8.54858 8.34332 0.224461
pos: 28.3771 0.706901 0.00247846
vel: 5.54488 -2.96259 -0.0329729
acc: -8.64795 8.2957 0.220279
pos: 28.4048 0.692191 0.00231633
vel: 5.50139 -2.92123 -0.0318819
acc: -8.7449 8.24757 0.216124
pos: 28.4321 0.677688 0.00215961
vel: 5.45743 -2.88011 -0.0308116
acc: -8.83941 8.19893 0.211998
pos: 28.4593 0.66339 0.00200818
vel: 5.413 -2.83924 -0.0297619
acc: -8.93148 8.14978 0.207901
pos: 28.4863 0.649295 0.00186195
vel: 5.36812 -2.79862 -0.0287326
acc: -9.02108 8.10014 0.203833
pos: 28.513 0.635403 0.00172082
vel: 5.3228 -2.75824 -0.0277235
acc: -9.10822 8.05001 0.199794
pos: 28.5395 0.621712 0.00158469
vel: 5.27704 -2.71812 -0.0267346
acc: -9.19286 7.99939 0.195786
pos: 28.5658 0.608221 0.00145344
vel: 5.23087 -2.67825 -0.0257656
acc: -9.27502 7.9483 0.191808
pos: 28.5918 0.594929 0.001327
vel: 5.1843 -2.63864 -0.0248164
acc: -9.35466 7.89675 0.18786
pos: 28.6176 0.581835 0.00120525
vel: 5.13733 -2.59928 -0.0238869
acc: -9.43179 7.84473 0.183945
pos: 28.6432 0.568936 0.00108809
vel: 5.08998 -2.56019 -0.0229769
acc: -9.5064 7.79226 0.18006
pos: 28.6685 0.556232 0.000975444
vel: 5.04227 -2.52136 -0.0220863
acc: -9.57847 7.73934 0.176208
pos: 28.6936 0.543722 0.000867199
vel: 4.9942 -2.4828 -0.0212148
acc: -9.648 7.68599 0.172389
pos: 28.7185 0.531404 0.000763264
vel: 4.94579 -2.4445 -0.0203623
acc: -9.71497 7.6322 0.168602
pos: 28.7431 0.519277 0.000663544
vel: 4.89706 -2.40648 -0.0195287
acc: -9.77939 7.578 0.164849
pos: 28.7674 0.507339 0.000567946
vel: 4.84801 -2.36872 -0.0187138
acc: -9.84123 7.52337 0.161129
pos: 28.7915 0.495589 0.000476376
vel: 4.79865 -2.33124 -0.0179174
acc: -9.90051 7.46834 0.157444
pos: 28.8154 0.484026 0.000388741
vel: 4.749 -2.29404 -0.0171393
acc: -9.9572 7.4129 0.153792
pos: 28.839 0.472648 0.000304952
vel: 4.69908 -2.25711 -0.0163794
acc: -10.0113 7.35708 0.150176
pos: 28.8624 0.461454 0.000224917
vel: 4.6489 -2.22047 -0.0156375
acc: -10.0628 7.30087 0.146594
pos: 28.8855 0.450443 0.000148548
vel: 4.59846 -2.18411 -0.0149134
acc: -10.1118 7.24428 0.143048
pos: 28.9084 0.439613 7.57539e-05
vel: 4.54778 -2.14803 -0.014207
acc: -10.1581 7.18732 0.139538
pos: 28.931 0.428962 6.44888e-06
vel: 4.49688 -2.11223 -0.013518
acc: -10.2018 7.13 0.136064
pos: 28.9534 0.41849 -5.94545e-05
vel: 4.44577 -2.07673 -0.0128463
acc: -10.2429 7.07232 0.132626
pos: 28.9755 0.408194 -0.000122042
vel: 4.39446 -2.04151 -0.0121916
acc: -10.2814 7.01431 0.129225
pos: 28.9973 0.398074 -0.000181399
vel: 4.34296 -2.00658 -0.0115539
acc: -10.3173 6.95595 0.125861
pos: 29.0189 0.388128 -0.000237609
vel: 4.29129 -1.97195 -0.010933
acc: -10.3506 6.89726 0.122534
pos: 29.0402 0.378354 -0.000290756
vel: 4.23946 -1.93761 -0.0103285
acc: -10.3813 6.83825 0.119245
pos: 29.0613 0.368751 -0.000340922
vel: 4.18748 -1.90357 -0.00974046
acc: -10.4094 6.77893 0.115993
pos: 29.0821 0.359318 -0.000388188
vel: 4.13537 -1.86982 -0.00916855
acc: -10.4348 6.71931 0.11278
pos: 29.1026 0.350053 -0.000432634
vel: 4.08314 -1.83638 -0.0086126
acc: -10.4577 6.65939 0.109605
pos: 29.1229 0.340954 -0.00047434
vel: 4.0308 -1.80323 -0.00807243
acc: -10.4779 6.59918 0.106469
pos: 29.1429 0.33202 -0.000513385
vel: 3.97836 -1.77039 -0.00754785
acc: -10.4955 6.53869 0.103371
pos: 29.1627 0.323249 -0.000549844
vel: 3.92584 -1.73784 -0.00703865
acc: -10.5105 6.47793 0.100313
pos: 29.1822 0.314641 -0.000583796
vel: 3.87326 -1.70561 -0.00654465
acc: -10.5229 6.4169 0.0972938
pos: 29.2014 0.306193 -0.000615316
vel: 3.82062 -1.67368 -0.00606565
acc: -10.5328 6.35562 0.0943143
pos: 29.2204 0.297904 -0.000644478
vel: 3.76794 -1.64205 -0.00560144
acc: -10.54 6.2941 0.0913745
pos: 29.2391 0.289772 -0.000671355
vel: 3.71522 -1.61073 -0.00515184
acc: -10.5446 6.23234 0.0884747
pos: 29.2576 0.281796 -0.00069602
vel: 3.66249 -1.57973 -0.00471663
acc: -10.5467 6.17035 0.085615
pos: 29.2757 0.273974 -0.000718545
vel: 3.60976 -1.54903 -0.00429562
acc: -10.5462 6.10814 0.0827956
pos: 29.2937 0.266305 -0.000738999
vel: 3.55704 -1.51865 -0.00388861
acc: -10.5431 6.04573 0.0800167
pos: 29.3113 0.258787 -0.000757454
vel: 3.50433 -1.48857 -0.00349539
acc: -10.5374 5.98311 0.0772785
pos: 29.3287 0.251419 -0.000773976
vel: 3.45167 -1.45882 -0.00311575
acc: -10.5292 5.92029 0.0745811
pos: 29.3458 0.244198 -0.000788634
vel: 3.39905 -1.42937 -0.00274951
acc: -10.5185 5.8573 0.0719247
pos: 29.3627 0.237124 -0.000801493
vel: 3.34649 -1.40024 -0.00239644
acc: -10.5052 5.79412 0.0693094
pos: 29.3793 0.230195 -0.00081262
vel: 3.294 -1.37143 -0.00205634
acc: -10.4894 5.73079 0.0667352
pos: 29.3956 0.22341 -0.000822078
vel: 3.2416 -1.34294 -0.00172902
acc: -10.4711 5.66729 0.0642025
pos: 29.4117 0.216766 -0.000829931
vel: 3.18929 -1.31476 -0.00141425
acc: -10.4502 5.60365 0.0617112
pos: 29.4275 0.210262 -0.000836241
vel: 3.1371 -1.2869 -0.00111184
acc: -10.4269 5.53987 0.0592615
pos: 29.4431 0.203896 -0.000841069
vel: 3.08503 -1.25936 -0.000821567
acc: -10.4011 5.47596 0.0568534
pos: 29.4584 0.197667 -0.000844476
vel: 3.03309 -1.23214 -0.000543233
acc: -10.3729 5.41193 0.0544871
pos: 29.4734 0.191574 -0.000846521
vel: 2.9813 -1.20524 -0.000276626
acc: -10.3422 5.34779 0.0521626
pos: 29.4882 0.185614 -0.000847262
vel: 2.92967 -1.17866 -2.15372e-05
acc: -10.309 5.28354 0.0498799
pos: 29.5027 0.179787 -0.000846755
vel: 2.87822 -1.15241 0.000222243
acc: -10.2734 5.21921 0.0476392
pos: 29.517 0.17409 -0.000845058
vel: 2.82694 -1.12647 0.000454925
acc: -10.2355 5.15479 0.0454405
pos: 29.531 0.168522 -0.000842224
vel: 2.77587 -1.10086 0.000676718
acc: -10.1951 5.0903 0.0432838
pos: 29.5447 0.163081 -0.000838309
vel: 2.725 -1.07557 0.000887833
acc: -10.1524 5.02575 0.0411691
pos: 29.5582 0.157765 -0.000833363
vel: 2.67435 -1.0506 0.00108848
acc: -10.1073 4.96115 0.0390965
pos: 29.5715 0.152574 -0.000827441
vel: 2.62393 -1.02596 0.00127887
acc: -10.0599 4.8965 0.037066
pos: 29.5845 0.147505 -0.000820591
vel: 2.57375 -1.00164 0.00145921
acc: -10.0101 4.83181 0.0350775
pos: 29.5972 0.142557 -0.000812865
vel: 2.52383 -0.977638 0.00162971
acc: -9.95808 4.7671 0.0331311
pos: 29.6097 0.137728 -0.00080431
vel: 2.47417 -0.953964 0.00179059
acc: -9.90378 4.70238 0.0312267
pos: 29.622 0.133017 -0.000794975
vel: 2.4248 -0.930614 0.00194205
acc: -9.84722 4.63765 0.0293643
pos: 29.634 0.128422 -0.000784905
vel: 2.37571 -0.907588 0.0020843
acc: -9.78843 4.57293 0.0275438
pos: 29.6457 0.123941 -0.000774147
vel: 2.32692 -0.884885 0.00221756
acc: -9.72743 4.50822 0.0257653
pos: 29.6572 0.119572 -0.000762744
vel: 2.27844 -0.862506 0.00234203
acc: -9.66425 4.44353 0.0240285
pos: 29.6685 0.115315 -0.000750741
vel: 2.23028 -0.84045 0.00245791
acc: -9.59891 4.37888 0.0223335
pos: 29.6795 0.111167 -0.000738179
vel: 2.18245 -0.818717 0.00256543
acc: -9.53144 4.31428 0.0206802
pos: 29.6903 0.107127 -0.0007251
vel: 2.13497 -0.797307 0.00266479
acc: -9.46185 4.24973 0.0190685
pos: 29.7009 0.103194 -0.000711544
vel: 2.08783 -0.776219 0.00275619
acc: -9.39019 4.18525 0.0174982
pos: 29.7112 0.0993647 -0.000697551
vel: 2.04107 -0.755454 0.00283984
acc: -9.31648 4.12084 0.0159693
pos: 29.7213 0.0956387 -0.000683159
vel: 1.99467 -0.735011 0.00291595
acc: -9.24074 4.05651 0.0144817
pos: 29.7311 0.092014 -0.000668404
vel: 1.94866 -0.714889 0.00298472
acc: -9.163 3.99229 0.0130351
pos: 29.7408 0.0884892 -0.000653323
vel: 1.90305 -0.695088 0.00304637
acc: -9.08329 3.92817 0.0116295
pos: 29.7502 0.0850626 -0.000637952
vel: 1.85783 -0.675607 0.00310108
acc: -9.00165 3.86416 0.0102646
pos: 29.7594 0.0817326 -0.000622324
vel: 1.81303 -0.656446 0.00314908
acc: -8.91811 3.80029 0.00894042
pos: 29.7683 0.0784976 -0.000606472
vel: 1.76866 -0.637604 0.00319056
acc: -8.83269 3.73655 0.00765664
pos: 29.777 0.0753561 -0.000590429
vel: 1.72471 -0.61908 0.00322571
acc: -8.74543 3.67296 0.0064131
pos: 29.7856 0.0723063 -0.000574225
vel: 1.6812 -0.600874 0.00325475
acc: -8.65637 3.60952 0.00520961
pos: 29.7939 0.0693468 -0.000557891
vel: 1.63815 -0.582985 0.00327788
acc: -8.56553 3.54626 0.00404595
pos: 29.8019 0.0664759 -0.000541456
vel: 1.59555 -0.565411 0.00329528
acc: -8.47296 3.48318 0.0029219
pos: 29.8098 0.0636921 -0.000524947
vel: 1.55342 -0.548153 0.00330716
acc: -8.37868 3.42029 0.00183721
pos: 29.8175 0.0609939 -0.000508393
vel: 1.51177 -0.531208 0.00331372
acc: -8.28274 3.35759 0.000791658
pos: 29.8249 0.0583795 -0.000491819
vel: 1.4706 -0.514576 0.00331514
acc: -8.18518 3.29512 -0.000215032
pos: 29.8322 0.0558476 -0.00047525
vel: 1.42992 -0.498257 0.00331163
acc: -8.08602 3.23286 -0.00118312
pos: 29.8392 0.0533965 -0.00045871
vel: 1.38974 -0.482247 0.00330338
acc: -7.98532 3.17084 -0.0021129
pos: 29.8461 0.0510246 -0.000442224
vel: 1.35007 -0.466548 0.00329057
acc: -7.88311 3.10906 -0.00300465
pos: 29.8527 0.0487305 -0.000425812
vel: 1.31091 -0.451156 0.00327339
acc: -7.77943 3.04754 -0.00385869
pos: 29.8592 0.0465125 -0.000409497
vel: 1.27228 -0.436072 0.00325204
acc: -7.67433 2.98628 -0.00467531
pos: 29.8655 0.0443692 -0.000393298
vel: 1.23417 -0.421293 0.0032267
acc: -7.56784 2.92531 -0.00545486
pos: 29.8715 0.0422991 -0.000377236
vel: 1.1966 -0.406818 0.00319755
acc: -7.46001 2.86462 -0.00619768
pos: 29.8774 0.0403006 -0.000361329
vel: 1.15957 -0.392646 0.00316478
acc: -7.35088 2.80423 -0.0069041
pos: 29.8831 0.0383721 -0.000345594
vel: 1.12309 -0.378776 0.00312857
acc: -7.24051 2.74415 -0.0075745
pos: 29.8887 0.0365123 -0.000330048
vel: 1.08717 -0.365204 0.0030891
acc: -7.12893 2.6844 -0.00820925
pos: 29.894 0.0347196 -0.000314708
vel: 1.05181 -0.351931 0.00304654
acc: -7.01619 2.62498 -0.00880873
pos: 29.8992 0.0329925 -0.000299588
vel: 1.01701 -0.338954 0.00300107
acc: -6.90234 2.5659 -0.00937335
pos: 29.9042 0.0313296 -0.000284702
vel: 0.982784 -0.326271 0.00295286
acc: -6.78742 2.50718 -0.00990351
pos: 29.909 0.0297293 -0.000270064
vel: 0.949136 -0.313881 0.00290209
acc: -6.6715 2.44883 -0.0103996
pos: 29.9137 0.0281903 -0.000255685
vel: 0.91607 -0.301782 0.00284892
acc: -6.55461 2.39086 -0.0108622
pos: 29.9182 0.026711 -0.000241578
vel: 0.883592 -0.289972 0.00279352
acc: -6.43681 2.33328 -0.0112916
pos: 29.9225 0.0252901 -0.000227753
vel: 0.851704 -0.278449 0.00273606
acc: -6.31815 2.2761 -0.0116882
pos: 29.9267 0.023926 -0.000214221
vel: 0.820411 -0.267211 0.0026767
acc: -6.19868 2.21933 -0.0120527
pos: 29.9307 0.0226175 -0.000200989
vel: 0.789718 -0.256255 0.00261559
acc: -6.07846 2.16299 -0.0123855
pos: 29.9346 0.021363 -0.000188067
vel: 0.759628 -0.24558 0.00255289
acc: -5.95754 2.10709 -0.012687
pos: 29.9383 0.0201612 -0.000175463
vel: 0.730144 -0.235183 0.00248877
acc: -5.83598 2.05163 -0.0129577
pos: 29.9419 0.0190107 -0.000163182
vel: 0.701269 -0.225063 0.00242337
acc: -5.71384 1.99663 -0.0131983
pos: 29.9453 0.0179101 -0.000151231
vel: 0.673006 -0.215216 0.00235684
acc: -5.59116 1.94211 -0.0134092
pos: 29.9486 0.0168581 -0.000139615
vel: 0.645358 -0.205641 0.00228932
acc: -5.46802 1.88807 -0.0135909
pos: 29.9518 0.0158533 -0.000128339
vel: 0.618327 -0.196335 0.00222097
acc: -5.34446 1.83453 -0.0137441
pos: 29.9548 0.0148943 -0.000117407
vel: 0.591914 -0.187295 0.00215193
acc: -5.22055 1.78149 -0.0138693
pos: 29.9577 0.0139799 -0.000106821
vel: 0.566122 -0.178519 0.00208233
acc: -5.09635 1.72897 -0.0139671
pos: 29.9605 0.0131087 -9.6584e-05
vel: 0.540951 -0.170004 0.0020123
acc: -4.97192 1.67699 -0.0140381
pos: 29.9631 0.0122794 -8.66981e-05
vel: 0.516403 -0.161748 0.00194199
acc: -4.84733 1.62555 -0.0140829
pos: 29.9656 0.0114908 -7.71643e-05
vel: 0.492478 -0.153748 0.00187152
acc: -4.72264 1.57466 -0.0141022
pos: 29.968 0.0107415 -6.7983e-05
vel: 0.469177 -0.146 0.00180101
acc: -4.59791 1.52434 -0.0140965
pos: 29.9703 0.0100304 -5.91541e-05
vel: 0.446499 -0.138503 0.00173059
acc: -4.47321 1.4746 -0.0140665
pos: 29.9725 0.00935607 -5.06768e-05
vel: 0.424444 -0.131253 0.00166038
acc: -4.3486 1.42546 -0.0140129
pos: 29.9746 0.00871742 -4.25497e-05
vel: 0.403013 -0.124248 0.0015905
acc: -4.22416 1.37691 -0.0139363
pos: 29.9765 0.00811319 -3.4771e-05
vel: 0.382202 -0.117483 0.00152106
acc: -4.09995 1.32899 -0.0138376
pos: 29.9784 0.00754219 -2.73382e-05
vel: 0.362012 -0.110957 0.00145216
acc: -3.97605 1.28169 -0.0137172
pos: 29.9801 0.00700323 -2.02483e-05
vel: 0.342441 -0.104665 0.00138392
acc: -3.85251 1.23503 -0.0135761
pos: 29.9818 0.00649515 -1.34978e-05
vel: 0.323487 -0.0986055 0.00131643
acc: -3.72942 1.18903 -0.0134148
pos: 29.9834 0.00601679 -7.08257e-06
vel: 0.305146 -0.092774 0.0012498
acc: -3.60685 1.14369 -0.0132343
pos: 29.9849 0.00556703 -9.98177e-07
vel: 0.287417 -0.0871675 0.00118412
acc: -3.48486 1.09903 -0.0130351
pos: 29.9863 0.00514475 4.76038e-06
vel: 0.270296 -0.0817826 0.00111948
acc: -3.36354 1.05506 -0.0128181
pos: 29.9876 0.00474884 1.01985e-05
vel: 0.25378 -0.0766157 0.00105597
acc: -3.24296 1.01179 -0.0125841
pos: 29.9888 0.00437823 1.53221e-05
vel: 0.237865 -0.0716635 0.000993668
acc: -3.1232 0.969242 -0.0123339
pos: 29.9899 0.00403186 2.01373e-05
vel: 0.222547 -0.0669221 0.000932656
acc: -3.00433 0.92742 -0.0120683
pos: 29.991 0.00370867 2.46509e-05
vel: 0.20782 -0.062388 0.000873009
acc: -2.88643 0.886338 -0.011788
pos: 29.992 0.00340764 2.88698e-05
vel: 0.193681 -0.0580575 0.000814799
acc: -2.76959 0.846011 -0.0114941
pos: 29.993 0.00312776 3.28014e-05
vel: 0.180123 -0.0539266 0.00075809
acc: -2.65388 0.80645 -0.0111872
pos: 29.9938 0.00286804 3.64533e-05
vel: 0.16714 -0.0499917 0.000702946
acc: -2.53938 0.767668 -0.0108684
pos: 29.9946 0.00262752 3.98336e-05
vel: 0.154727 -0.0462486 0.000649425
acc: -2.42618 0.729678 -0.0105384
pos: 29.9954 0.00240524 4.29504e-05
vel: 0.142876 -0.0426936 0.000597579
acc: -2.31436 0.692492 -0.0101982
pos: 29.9961 0.00220028 4.58122e-05
vel: 0.131581 -0.0393224 0.000547458
acc: -2.204 0.656125 -0.00984873
pos: 29.9967 0.00201172 4.84279e-05
vel: 0.120833 -0.0361309 0.000499106
acc: -2.09519 0.620588 -0.00949084
pos: 29.9973 0.00183868 5.08063e-05
vel: 0.110626 -0.0331151 0.000452562
acc: -1.98802 0.585894 -0.00912551
pos: 29.9978 0.00168029 5.29566e-05
vel: 0.10095 -0.0302706 0.000407861
acc: -1.88258 0.552057 -0.0087537
pos: 29.9983 0.00153569 5.4888e-05
vel: 0.0917973 -0.0275931 0.000365034
acc: -1.77895 0.519089 -0.00837638
pos: 29.9987 0.00140408 5.66101e-05
vel: 0.0831577 -0.0250782 0.000324105
acc: -1.67722 0.487004 -0.00799454
pos: 29.9991 0.00128465 5.81323e-05
vel: 0.0750217 -0.0227215 0.000285094
acc: -1.57749 0.455815 -0.00760917
pos: 29.9995 0.00117661 5.94643e-05
vel: 0.0673793 -0.0205185 0.000248017
acc: -1.47984 0.425534 -0.0072213
pos: 29.9998 0.00107922 6.06157e-05
vel: 0.0602197 -0.0184647 0.000212884
acc: -1.38438 0.396175 -0.00683195
pos: 30.0001 0.000991725 6.15964e-05
vel: 0.0535318 -0.0165552 0.000179699
acc: -1.29118 0.367752 -0.00644218
pos: 30.0003 0.00091343 6.24159e-05
vel: 0.0473039 -0.0147856 0.000148461
acc: -1.20036 0.340277 -0.00605304
pos: 30.0005 0.000843644 6.30842e-05
vel: 0.0415241 -0.0131509 0.000119165
acc: -1.112 0.313763 -0.0056656
pos: 30.0007 0.000781705 6.36108e-05
vel: 0.0361796 -0.0116463 9.18004e-05
acc: -1.0262 0.288225 -0.00528097
pos: 30.0009 0.000726973 6.40054e-05
vel: 0.0312576 -0.010267 6.63492e-05
acc: -0.943069 0.263675 -0.00490024
pos: 30.0011 0.000678835 6.42775e-05
vel: 0.0267443 -0.00900787 4.27896e-05
acc: -0.862694 0.240127 -0.00452453
pos: 30.0012 0.000636702 6.44364e-05
vel: 0.0226259 -0.00786399 2.10936e-05
acc: -0.785181 0.217594 -0.00415499
pos: 30.0013 0.000600011 6.44914e-05
vel: 0.0188876 -0.00683021 1.22752e-06
acc: -0.71063 0.19609 -0.00379277
pos: 30.0014 0.000568225 6.44517e-05
vel: 0.0155145 -0.00590136 -1.68482e-05
acc: -0.639145 0.175628 -0.00343902
pos: 30.0014 0.000540832 6.43259e-05
vel: 0.0124909 -0.00507217 -3.31788e-05
acc: -0.57083 0.156222 -0.00309495
pos: 30.0015 0.000517346 6.41227e-05
vel: 0.0098007 -0.00433736 -4.78158e-05
acc: -0.50579 0.137885 -0.00276173
pos: 30.0015 0.00049731 6.38504e-05
vel: 0.00742733 -0.00369152 -6.08163e-05
acc: -0.444131 0.120631 -0.00244059
pos: 30.0016 0.000480292 6.35172e-05
vel: 0.00535358 -0.00312922 -7.22439e-05
acc: -0.38596 0.104473 -0.00213276
pos: 30.0016 0.000465888 6.31305e-05
vel: 0.00356174 -0.00264494 -8.21681e-05
acc: -0.331386 0.089426 -0.00183948
pos: 30.0016 0.000453722 6.26978e-05
vel: 0.00203354 -0.00223309 -9.0665e-05
acc: -0.280519 0.0755027 -0.00156201
pos: 30.0016 0.000443445 6.22261e-05
vel: 0.00075019 -0.00188802 -9.78167e-05
acc: -0.233468 0.0627172 -0.00130163
pos: 30.0016 0.00043474 6.17218e-05
vel: -0.000307689 -0.001604 -0.000103712
acc: -0.190347 0.0510832 -0.00105963
pos: 30.0016 0.000427313 6.11909e-05
vel: -0.00116002 -0.00137524 -0.000108446
acc: -0.151268 0.0406145 -0.000837315
pos: 30.0016 0.000420905 6.06391e-05
vel: -0.0018273 -0.00119589 -0.00011212
acc: -0.116346 0.0313251 -0.000636017
pos: 30.0016 0.000415282 6.00713e-05
vel: -0.0023306 -0.00106 -0.000114843
acc: -0.0856952 0.0232288 -0.000457072
pos: 30.0016 0.000410242 5.9492e-05
vel: -0.00269157 -0.000961587 -0.00011673
acc: -0.0594325 0.0163395 -0.000301838
pos: 30.0016 0.000405614 5.89052e-05
vel: -0.00293243 -0.000894572 -0.000117903
acc: -0.0376758 0.0106712 -0.000171686
pos: 30.0015 0.000401255 5.8314e-05
vel: -0.00307603 -0.000852817 -0.000118491
acc: -0.0205438 0.00623792 -6.80049e-05
pos: 30.0015 0.000397054 5.7721e-05
vel: -0.00314578 -0.000830111 -0.00011863
acc: -0.0081565 0.00305369 7.79944e-06
pos: 30.0015 0.000392932 5.71282e-05
vel: -0.00316571 -0.000820175 -0.000118462
acc: -0.000635161 0.00113258 5.4306e-05
pos: 30.0015 0.000388841 5.65367e-05
vel: -0.00316045 -0.000816657 -0.000118138
acc: 0.00189787 0.000488692 7.00771e-05
pos: 30.0015 0.000388841 5.65367e-05
vel: -0.00316045 -0.000816657 -0.000118138
acc: 0.00189787 0.000488692 7.00771e-05
