pos: 10 -4.41479e-08 -1.6077e-08
vel: -1.75536e-07 -3.55737e-08 -1.29557e-08
acc: -1.08524e-07 -2.19886e-08 -8.03514e-09
pos: 10.0036 0.00162766 0.000141479
vel: 0.14143 0.0632271 0.00548789
acc: 4.02095 1.80439 0.156194
pos: 10.0515 0.0231622 0.00200097
vel: 0.963527 0.435701 0.03751
acc: 12.8683 5.87181 0.502257
pos: 10.2288 0.103934 0.0089179
vel: 2.74768 1.25863 0.107359
acc: 22.7337 10.5866 0.892426
pos: 10.6321 0.290151 0.0247106
vel: 5.45654 2.53639 0.214079
acc: 31.0216 14.8163 1.22642
pos: 11.3429 0.623514 0.0526683
vel: 8.8465 4.18145 0.348691
acc: 36.1731 17.8443 1.44293
pos: 12.4123 1.134 0.0949323
vel: 12.5626 6.0526 0.497759
acc: 37.4907 19.3022 1.51312
pos: 13.8533 1.83612 0.152202
vel: 16.2159 7.98639 0.64632
acc: 34.9622 19.1023 1.43411
pos: 15.6412 2.72798 0.223702
vel: 19.4431 9.82182 0.780145
acc: 29.0851 17.3702 1.22246
pos: 17.7178 3.79248 0.307341
vel: 21.9488 11.4183 0.887366
acc: 20.6909 14.3773 0.907675
pos: 20 5 0.4
vel: 23.5303 12.6669 0.959441
acc: 10.7693 10.4731 0.525709
pos: 20 5 0.4
vel: 23.5303 12.6669 0.959441
acc: 10.7693 10.4731 0.525709
pos: 22.3895 6.31179 0.49789
vel: 24.0844 13.4946 0.991472
acc: 0.293948 6.01875 0.112483
pos: 24.7821 7.68359 0.596906
vel: 23.5984 13.863 0.981935
acc: -9.91022 1.33486 -0.301032
pos: 27.0765 9.06876 0.692932
vel: 22.1332 13.763 0.932093
acc: -19.1955 -3.31034 -0.689919
pos: 29.18 10.421 0.782095
vel: 19.8062 13.2096 0.84542
acc: -27.0783 -7.69831 -1.03491
pos: 31.0142 11.6967 0.860958
vel: 16.7755 12.2377 0.727049
acc: -33.2246 -11.6566 -1.32192
pos: 32.5178 12.8563 0.926657
vel: 13.2259 10.897 0.583286
acc: -37.4355 -15.0552 -1.54157
pos: 33.6487 13.8658 0.977002
vel: 9.35569 9.24837 0.421156
acc: -39.6326 -17.8031 -1.68872
pos: 34.3849 14.698 1.01052
vel: 5.36571 7.35996 0.248007
acc: -39.8433 -19.8446 -1.76202
pos: 34.7243 15.3322 1.02648
vel: 1.44936 5.30381 0.0711526
acc: -38.1865 -21.1561 -1.76342
pos: 34.6832 15.7556 1.02486
vel: -2.21579 3.15295 -0.102436
acc: -34.8577 -21.742 -1.6977
pos: 34.2947 15.962 1.00632
vel: -5.475 0.978657 -0.266387
acc: -30.115 -21.6314 -1.57204
pos: 33.606 15.9528 0.972092
vel: -8.20181 -1.15177 -0.415146
acc: -24.264 -20.8747 -1.3955
pos: 32.6753 15.7352 0.923946
vel: -10.3021 -3.17699 -0.54414
acc: -17.6433 -19.5398 -1.17858
pos: 31.5685 15.3227 0.864039
vel: -11.7167 -5.04319 -0.649899
acc: -10.6104 -17.7088 -0.932767
pos: 30.3556 14.7334 0.794819
vel: -12.4225 -6.70528 -0.730129
acc: -3.52651 -15.4739 -0.67003
pos: 29.1072 13.9896 0.718902
vel: -12.4321 -8.12782 -0.783742
acc: 3.25745 -12.9346 -0.40238
pos: 27.8909 13.1167 0.638956
vel: -11.7919 -9.28548 -0.810828
acc: 9.41576 -10.1936 -0.141393
pos: 26.7679 12.1419 0.557581
vel: -10.5794 -10.1632 -0.8126
acc: 14.6623 -7.35322 0.102254
pos: 25.7907 11.0935 0.477207
vel: -8.89765 -10.7561 -0.791268
acc: 18.7653 -4.5123 0.319258
pos: 25 9.99999 0.399998
vel: -6.87002 -11.0687 -0.749892
acc: 21.5615 -1.76218 0.502152
pos: 24.4237 8.88868 0.327775
vel: -4.63192 -11.115 -0.692186
acc: 22.9661 0.796503 0.644862
pos: 24.0759 7.7851 0.261965
vel: -2.32295 -10.9182 -0.622356
acc: 22.989 3.09147 0.744567
pos: 23.957 6.71219 0.203565
vel: -0.0769805 -10.5067 -0.544686
acc: 21.7283 5.0876 0.801911
pos: 24.0544 5.68989 0.153151
vel: 1.98539 -9.91158 -0.463304
acc: 19.3495 6.7579 0.819389
pos: 24.3446 4.73488 0.110901
vel: 3.76289 -9.16658 -0.382004
acc: 16.071 8.08364 0.801033
pos: 24.7949 3.8604 0.0766358
vel: 5.17812 -8.3067 -0.304118
acc: 12.1492 9.05438 0.752096
pos: 25.3664 3.07618 0.0498712
vel: 6.18062 -7.36761 -0.2324
acc: 7.8644 9.6681 0.678738
pos: 26.0165 2.38834 0.0298791
vel: 6.74856 -6.38477 -0.16896
acc: 3.5062 9.93123 0.587706
pos: 26.7018 1.79953 0.0157553
vel: 6.88891 -5.39256 -0.115214
acc: -0.641245 9.85876 0.486025
pos: 27.3811 1.30905 0.00648871
vel: 6.63618 -4.42343 -0.0718763
acc: -4.31355 9.47432 0.380676
pos: 28.0179 0.913084 0.00103136
vel: 6.04976 -3.50703 -0.038979
acc: -7.28069 8.81023 0.278285
pos: 28.5826 0.605019 -0.00163569
vel: 5.20966 -2.66934 -0.0159213
acc: -9.36154 7.90764 0.184803
pos: 29.0545 0.375872 -0.00244308
vel: 4.211 -1.93179 -0.00155451
acc: -10.4383 6.81654 0.105195
pos: 29.423 0.214782 -0.00218385
vel: 3.15689 -1.31036 0.00570401
acc: -10.4713 5.59589 0.0431222
pos: 29.6875 0.1096 -0.00147701
vel: 2.1499 -0.81468 0.00772461
acc: -9.5131 4.31365 0.000625482
pos: 29.8576 0.0475662 -0.000747409
vel: 1.28212 -0.447126 0.00648769
acc: -7.7233 3.04692 -0.0221887
pos: 29.9509 0.0160863 -0.000224976
vel: 0.623737 -0.201913 0.00387434
acc: -5.38305 1.88199 -0.0274646
pos: 29.9906 0.00359043 3.36209e-05
vel: 0.210123 -0.0641605 0.00142557
acc: -2.90951 0.914401 -0.0199126
pos: 30.0007 0.00049003 9.75884e-05
vel: 0.0275397 -0.00896828 6.98923e-05
acc: -0.870358 0.249056 -0.007125
pos: 30.0012 0.000226936 8.58238e-05
vel: -0.0026547 -0.000474252 -0.000180661
acc: 0.00161985 0.000281322 0.000108533
