pos: 10 3.30214e-16 3.75423e-18
vel: -4.68373e-17 4.73642e-17 4.34455e-19
acc: -3.37533e-18 3.36765e-18 2.30842e-20
pos: 10.0005 0.000207278 1.91981e-05
vel: 0.282406 0.123505 0.0114306
acc: 111.23 48.714 4.5019
pos: 10.0037 0.00162394 0.000150078
vel: 1.09526 0.480365 0.0443266
acc: 212.234 93.3626 8.58838
pos: 10.0122 0.00536645 0.00049483
vel: 2.38826 1.05056 0.0966444
acc: 303.344 134.069 12.2729
pos: 10.0283 0.0124527 0.00114559
vel: 4.11276 1.81469 0.166408
acc: 384.893 170.956 15.5688
pos: 10.054 0.0238052 0.0021848
vel: 6.2218 2.75395 0.251707
acc: 457.214 204.146 18.4896
pos: 10.0911 0.0402538 0.00368549
vel: 8.67007 3.85019 0.350701
acc: 520.64 233.764 21.0487
pos: 10.1412 0.0625394 0.00571167
vel: 11.4139 5.08584 0.461614
acc: 575.505 259.931 23.2595
pos: 10.2057 0.0913163 0.00831864
vel: 14.4114 6.44396 0.582738
acc: 622.141 282.771 25.1355
pos: 10.2857 0.127156 0.0115533
vel: 17.6222 7.90822 0.712433
acc: 660.881 302.408 26.69
pos: 10.3822 0.170549 0.0154546
vel: 21.0076 9.4629 0.849125
acc: 692.059 318.964 27.9366
pos: 10.496 0.22191 0.0200537
vel: 24.5307 11.0929 0.991308
acc: 716.007 332.562 28.8886
pos: 10.6276 0.28158 0.0253745
vel: 28.1562 12.7838 1.13754
acc: 733.058 343.326 29.5595
pos: 10.7776 0.349827 0.0314336
vel: 31.8504 14.5217 1.28646
acc: 743.546 351.378 29.9626
pos: 10.9462 0.426853 0.0382413
vel: 35.5813 16.2933 1.43675
acc: 747.803 356.841 30.1115
pos: 11.1335 0.512794 0.0458013
vel: 39.3186 18.086 1.58717
acc: 746.162 359.839 30.0196
pos: 11.3394 0.607727 0.0541113
vel: 43.0336 19.8877 1.73656
acc: 738.957 360.495 29.7002
pos: 11.5637 0.711668 0.0631633
vel: 46.6994 21.6872 1.88382
acc: 726.521 358.932 29.1668
pos: 11.8062 0.824578 0.0729441
vel: 50.2907 23.4736 2.0279
acc: 709.186 355.273 28.4329
pos: 12.0665 0.946365 0.0834354
vel: 53.7837 25.2367 2.16783
acc: 687.285 349.641 27.5118
pos: 12.3439 1.07689 0.0946141
vel: 57.1564 26.9669 2.30272
acc: 661.152 342.159 26.417
pos: 12.6378 1.21596 0.106453
vel: 60.3887 28.6554 2.43174
acc: 631.12 332.95 25.1619
pos: 12.9475 1.36336 0.11892
vel: 63.4617 30.2937 2.5541
acc: 597.521 322.138 23.76
pos: 13.2721 1.51881 0.131982
vel: 66.3585 31.8743 2.66911
acc: 560.688 309.845 22.2247
pos: 13.6108 1.68199 0.145598
vel: 69.0637 33.3899 2.77615
acc: 520.955 296.194 20.5694
pos: 13.9624 1.85259 0.159729
vel: 71.5638 34.8342 2.87463
acc: 478.655 281.309 18.8075
pos: 14.326 2.03021 0.174329
vel: 73.8466 36.2012 2.96407
acc: 434.121 265.313 16.9524
pos: 14.7005 2.21446 0.189354
vel: 75.9018 37.4857 3.04402
acc: 387.685 248.328 15.0177
pos: 15.0847 2.40492 0.204753
vel: 77.7208 38.683 3.11413
acc: 339.68 230.478 13.0167
pos: 15.4773 2.60114 0.220478
vel: 79.2966 39.7892 3.1741
acc: 290.441 211.887 10.9628
pos: 15.8772 2.80265 0.236477
vel: 80.6237 40.8008 3.22369
acc: 240.299 192.676 8.86951
pos: 16.2831 3.00898 0.252697
vel: 81.6986 41.7151 3.26275
acc: 189.588 172.969 6.75022
pos: 16.6938 3.21964 0.269087
vel: 82.5192 42.5299 3.29118
acc: 138.641 152.89 4.61836
pos: 17.1079 3.43411 0.285591
vel: 83.0852 43.2436 3.30894
acc: 87.7899 132.56 2.48736
pos: 17.5242 3.6519 0.302158
vel: 83.3978 43.8553 3.31607
acc: 37.3691 112.105 0.370649
pos: 17.9414 3.8725 0.318735
vel: 83.4601 44.3647 3.31269
acc: -12.289 91.6454 -1.71834
pos: 18.3584 4.09538 0.335268
vel: 83.2768 44.772 3.29896
acc: -60.8512 71.3056 -3.76619
pos: 18.7738 4.32005 0.351707
vel: 82.854 45.0781 3.27512
acc: -107.985 51.2085 -5.75946
pos: 19.1865 4.546 0.368003
vel: 82.1998 45.2846 3.24148
acc: -153.356 31.4772 -7.68473
pos: 19.5954 4.77273 0.384106
vel: 81.3239 45.3937 3.19841
acc: -196.633 12.2346 -9.52857
pos: 19.9994 5.00003 0.400047
vel: 80.2375 45.408 3.14635
acc: -237.481 -6.39595 -11.2776
pos: 20.3975 5.22692 0.415631
vel: 78.9536 45.3309 3.08581
acc: -275.635 -24.3139 -12.9209
pos: 20.7886 5.45319 0.430892
vel: 77.4856 45.166 3.01732
acc: -311.09 -41.508 -14.4582
pos: 21.172 5.67844 0.445792
vel: 75.8471 44.917 2.9414
acc: -343.909 -57.9892 -15.8918
pos: 21.5468 5.90223 0.460294
vel: 74.0508 44.5873 2.85857
acc: -374.153 -73.7689 -17.224
pos: 21.9123 6.12418 0.474367
vel: 72.1097 44.1805 2.76933
acc: -401.886 -88.858 -18.457
pos: 22.2677 6.34391 0.487978
vel: 70.0361 43.6999 2.67416
acc: -427.169 -103.268 -19.5932
pos: 22.6125 6.56106 0.501099
vel: 67.842 43.1489 2.57355
acc: -450.064 -117.009 -20.6349
pos: 22.946 6.77529 0.513705
vel: 65.5393 42.5309 2.46797
acc: -470.635 -130.093 -21.5843
pos: 23.2677 6.98626 0.525771
vel: 63.1394 41.8491 2.35786
acc: -488.942 -142.532 -22.4438
pos: 23.5772 7.19368 0.537277
vel: 60.6535 41.1066 2.24367
acc: -505.049 -154.335 -23.2155
pos: 23.8741 7.39723 0.548202
vel: 58.0925 40.3067 2.12585
acc: -519.018 -165.514 -23.9019
pos: 24.158 7.59665 0.55853
vel: 55.4668 39.4525 2.00479
acc: -530.91 -176.081 -24.5051
pos: 24.4287 7.79167 0.568245
vel: 52.7868 38.5469 1.88093
acc: -540.788 -186.046 -25.0276
pos: 24.6858 7.98204 0.577335
vel: 50.0622 37.593 1.75465
acc: -548.715 -195.421 -25.4715
pos: 24.9292 8.16753 0.585788
vel: 47.3028 36.5937 1.62634
acc: -554.753 -204.217 -25.8392
pos: 25.1588 8.34791 0.593596
vel: 44.5177 35.5518 1.49638
acc: -558.963 -212.444 -26.1329
pos: 25.3744 8.52298 0.60075
vel: 41.7161 34.4702 1.36513
acc: -561.408 -220.114 -26.355
pos: 25.5759 8.69255 0.607245
vel: 38.9065 33.3516 1.23295
acc: -562.151 -227.239 -26.5077
pos: 25.7635 8.85644 0.613078
vel: 36.0973 32.1987 1.10017
acc: -561.254 -233.828 -26.5934
pos: 25.9369 9.01448 0.618247
vel: 33.2966 31.0142 0.96712
acc: -558.778 -239.894 -26.6143
pos: 26.0964 9.16653 0.62275
vel: 30.512 29.8006 0.834128
acc: -554.787 -245.447 -26.5726
pos: 26.2421 9.31245 0.626589
vel: 27.7511 28.5605 0.701494
acc: -549.342 -250.499 -26.4708
pos: 26.374 9.4521 0.629766
vel: 25.0209 27.2964 0.569516
acc: -542.505 -255.061 -26.311
pos: 26.4924 9.58537 0.632285
vel: 22.3283 26.0107 0.438477
acc: -534.34 -259.143 -26.0956
pos: 26.5974 9.71217 0.634153
vel: 19.6796 24.7058 0.308649
acc: -524.907 -262.757 -25.8269
pos: 26.6892 9.8324 0.635374
vel: 17.0812 23.3839 0.180293
acc: -514.27 -265.914 -25.5071
pos: 26.7683 9.94599 0.635958
vel: 14.5388 22.0474 0.0536589
acc: -502.491 -268.625 -25.1386
pos: 26.8347 10.0529 0.635914
vel: 12.0581 20.6984 -0.0710154
acc: -489.632 -270.902 -24.7236
pos: 26.889 10.153 0.635252
vel: 9.64422 19.3391 -0.193503
acc: -475.755 -272.755 -24.2644
pos: 26.9313 10.2462 0.633983
vel: 7.30215 17.9715 -0.31359
acc: -460.922 -274.196 -23.7633
pos: 26.9621 10.3327 0.63212
vel: 5.03649 16.5978 -0.431071
acc: -445.196 -275.235 -23.2226
pos: 26.9818 10.4122 0.629677
vel: 2.85158 15.2198 -0.545754
acc: -428.639 -275.884 -22.6447
pos: 26.9908 10.4849 0.626668
vel: 0.75139 13.8396 -0.657459
acc: -411.313 -276.153 -22.0316
pos: 26.9895 10.5506 0.623108
vel: -1.26037 12.4589 -0.766016
acc: -393.28 -276.055 -21.3859
pos: 26.9783 10.6094 0.619013
vel: -3.18034 11.0796 -0.871267
acc: -374.603 -275.6 -20.7097
pos: 26.9578 10.6614 0.614401
vel: -5.00543 9.70347 -0.973066
acc: -355.344 -274.799 -20.0054
pos: 26.9284 10.7065 0.609288
vel: -6.73291 8.33217 -1.07128
acc: -335.565 -273.664 -19.2751
pos: 26.8906 10.7447 0.603694
vel: -8.36033 6.96736 -1.16578
acc: -315.329 -272.205 -18.5214
pos: 26.845 10.7762 0.597637
vel: -9.88554 5.61064 -1.25646
acc: -294.698 -270.434 -17.7463
pos: 26.792 10.8009 0.591136
vel: -11.3067 4.26353 -1.34321
acc: -273.733 -268.361 -16.9522
pos: 26.7321 10.8188 0.584212
vel: -12.6224 2.92751 -1.42595
acc: -252.497 -265.998 -16.1415
pos: 26.6659 10.8302 0.576883
vel: -13.8314 1.60401 -1.5046
acc: -231.053 -263.357 -15.3163
pos: 26.594 10.8349 0.569173
vel: -14.9327 0.294392 -1.57909
acc: -209.463 -260.447 -14.479
pos: 26.5168 10.8331 0.5611
vel: -15.9259 -1.00003 -1.64937
acc: -187.789 -257.281 -13.6318
pos: 26.4349 10.8249 0.552686
vel: -16.8106 -2.278 -1.7154
acc: -166.093 -253.869 -12.7771
pos: 26.3488 10.8104 0.543953
vel: -17.5869 -3.53833 -1.77714
acc: -144.437 -250.222 -11.9172
pos: 26.2592 10.7896 0.534922
vel: -18.2551 -4.77985 -1.83456
acc: -122.884 -246.352 -11.0542
pos: 26.1665 10.7626 0.525614
vel: -18.816 -6.00149 -1.88768
acc: -101.496 -242.27 -10.1906
pos: 26.0712 10.7296 0.516052
vel: -19.2705 -7.20221 -1.93647
acc: -80.3356 -237.986 -9.32863
pos: 25.9739 10.6906 0.506257
vel: -19.6198 -8.38104 -1.98097
acc: -59.4644 -233.513 -8.47053
pos: 25.8752 10.6458 0.49625
vel: -19.8657 -9.53704 -2.02119
acc: -38.9449 -228.86 -7.61863
pos: 25.7755 10.5953 0.486052
vel: -20.01 -10.6694 -2.05717
acc: -18.8394 -224.04 -6.7752
pos: 25.6753 10.5392 0.475685
vel: -20.0549 -11.7772 -2.08896
acc: 0.789826 -219.063 -5.94254
pos: 25.5751 10.4776 0.465169
vel: -20.003 -12.8597 -2.11662
acc: 19.8806 -213.941 -5.12293
pos: 25.4754 10.4106 0.454525
vel: -19.8571 -13.9164 -2.14021
acc: 38.3706 -208.684 -4.31868
pos: 25.3767 10.3384 0.443774
vel: -19.6204 -14.9464 -2.15983
acc: 56.1976 -203.304 -3.53206
pos: 25.2793 10.2612 0.432934
vel: -19.2963 -15.9492 -2.17557
acc: 73.2994 -197.811 -2.76537
pos: 25.1838 10.179 0.422024
vel: -18.8887 -16.9243 -2.18752
acc: 89.6137 -192.218 -2.02089
pos: 25.0906 10.092 0.411064
vel: -18.4016 -17.8712 -2.19582
acc: 105.078 -186.534 -1.30092
pos: 25 10 0.400005
vel: -17.8393 -18.7895 -2.20058
acc: 119.631 -180.772 -0.607746
pos: 24.9124 9.90384 0.388997
vel: -17.2068 -19.6788 -2.20195
acc: 133.224 -174.941 0.0568978
pos: 24.8281 9.80328 0.377991
vel: -16.5087 -20.5388 -2.20006
acc: 145.864 -169.047 0.692921
pos: 24.7474 9.6985 0.367002
vel: -15.7497 -21.3692 -2.19506
acc: 157.569 -163.094 1.30079
pos: 24.6707 9.58964 0.356045
vel: -14.9345 -22.1697 -2.1871
acc: 168.36 -157.086 1.88098
pos: 24.5981 9.47686 0.345135
vel: -14.0676 -22.94 -2.1763
acc: 178.257 -151.028 2.43395
pos: 24.5301 9.36029 0.334286
vel: -13.1534 -23.6799 -2.1628
acc: 187.28 -144.925 2.96018
pos: 24.4667 9.24011 0.323512
vel: -12.1962 -24.3891 -2.14674
acc: 195.449 -138.781 3.46013
pos: 24.4082 9.11645 0.312823
vel: -11.2003 -25.0676 -2.12824
acc: 202.784 -132.6 3.93427
pos: 24.3547 8.98948 0.302233
vel: -10.1697 -25.7151 -2.10744
acc: 209.305 -126.386 4.38308
pos: 24.3065 8.85935 0.291752
vel: -9.10856 -26.3314 -2.08445
acc: 215.032 -120.145 4.80701
pos: 24.2637 8.72622 0.281392
vel: -8.0207 -26.9165 -2.05941
acc: 219.986 -113.88 5.20654
pos: 24.2263 8.59024 0.271161
vel: -6.90996 -27.4702 -2.03243
acc: 224.186 -107.597 5.58215
pos: 24.1946 8.45157 0.261071
vel: -5.78006 -27.9924 -2.00363
acc: 227.653 -101.298 5.93428
pos: 24.1686 8.31037 0.251128
vel: -4.63462 -28.4832 -1.97312
acc: 230.406 -94.9899 6.26343
pos: 24.1483 8.16679 0.241342
vel: -3.47715 -28.9423 -1.94103
acc: 232.466 -88.6756 6.57004
pos: 24.1338 8.021 0.23172
vel: -2.31108 -29.3699 -1.90746
acc: 233.852 -82.3601 6.8546
pos: 24.1252 7.87315 0.22227
vel: -1.13972 -29.7659 -1.87252
acc: 234.585 -76.0476 7.11758
pos: 24.1224 7.72339 0.212997
vel: 0.033713 -30.1304 -1.83632
acc: 234.685 -69.7427 7.35943
pos: 24.1255 7.57189 0.203908
vel: 1.2061 -30.4634 -1.79896
acc: 234.171 -63.4497 7.58063
pos: 24.1345 7.41881 0.195009
vel: 2.37444 -30.7649 -1.76055
acc: 233.065 -57.173 7.78166
pos: 24.1493 7.2643 0.186305
vel: 3.5358 -31.0352 -1.72118
acc: 231.385 -50.9172 7.96296
pos: 24.1698 7.10851 0.177799
vel: 4.68737 -31.2742 -1.68095
acc: 229.153 -44.6866 8.12503
pos: 24.1961 6.95161 0.169496
vel: 5.82644 -31.4821 -1.63996
acc: 226.388 -38.4857 8.26832
pos: 24.2281 6.79374 0.1614
vel: 6.95039 -31.6591 -1.5983
acc: 223.109 -32.3188 8.39331
pos: 24.2656 6.63507 0.153514
vel: 8.05671 -31.8053 -1.55606
acc: 219.338 -26.1905 8.50046
pos: 24.3086 6.47574 0.145841
vel: 9.14299 -31.921 -1.51332
acc: 215.095 -20.105 8.59024
pos: 24.357 6.31591 0.138382
vel: 10.2069 -32.0065 -1.47018
acc: 210.398 -14.067 8.66312
pos: 24.4106 6.15573 0.131139
vel: 11.2463 -32.0618 -1.42672
acc: 205.27 -8.08066 8.71957
pos: 24.4694 5.99534 0.124115
vel: 12.2589 -32.0874 -1.38301
acc: 199.728 -2.15056 8.76006
pos: 24.5332 5.8349 0.11731
vel: 13.2429 -32.0834 -1.33914
acc: 193.794 3.71891 8.78506
pos: 24.6018 5.67455 0.110724
vel: 14.1962 -32.0503 -1.29519
acc: 187.488 9.52332 8.79504
pos: 24.6751 5.51445 0.104358
vel: 15.1172 -31.9883 -1.25122
acc: 180.83 15.2583 8.79046
pos: 24.7529 5.35472 0.0982114
vel: 16.004 -31.8978 -1.20731
acc: 173.839 20.9193 8.77179
pos: 24.835 5.19551 0.0922844
vel: 16.855 -31.7792 -1.16352
acc: 166.536 26.502 8.73951
pos: 24.9214 5.03697 0.0865759
vel: 17.6689 -31.6329 -1.11993
acc: 158.941 32.002 8.69408
pos: 25.0117 4.87923 0.0810847
vel: 18.444 -31.4594 -1.0766
acc: 151.074 37.4147 8.63597
pos: 25.1057 4.72242 0.0758093
vel: 19.1792 -31.2589 -1.03359
acc: 142.955 42.7359 8.56565
pos: 25.2034 4.56669 0.0707481
vel: 19.8732 -31.0322 -0.990965
acc: 134.605 47.961 8.48358
pos: 25.3044 4.41215 0.0658989
vel: 20.5249 -30.7795 -0.948776
acc: 126.042 53.0857 8.39025
pos: 25.4086 4.25893 0.0612595
vel: 21.1333 -30.5015 -0.907081
acc: 117.287 58.1055 8.28611
pos: 25.5157 4.10717 0.0568272
vel: 21.6975 -30.1986 -0.865932
acc: 108.361 63.016 8.17164
pos: 25.6255 3.95699 0.0525992
vel: 22.2166 -29.8715 -0.825381
acc: 99.2834 67.8128 8.0473
pos: 25.7378 3.8085 0.0485723
vel: 22.6901 -29.5207 -0.785475
acc: 90.0741 72.4914 7.91356
pos: 25.8523 3.66182 0.0447433
vel: 23.1172 -29.1468 -0.74626
acc: 80.7532 77.0474 7.7709
pos: 25.9689 3.51707 0.0411085
vel: 23.4975 -28.7504 -0.70778
acc: 71.3409 81.4764 7.61977
pos: 26.0872 3.37435 0.0376642
vel: 23.8305 -28.3322 -0.670076
acc: 61.8573 85.774 7.46066
pos: 26.2071 3.23378 0.0344064
vel: 24.1159 -27.8929 -0.633186
acc: 52.3223 89.9357 7.29402
pos: 26.3283 3.09546 0.0313309
vel: 24.3536 -27.4331 -0.597147
acc: 42.7561 93.9572 7.12034
pos: 26.4505 2.95948 0.0284334
vel: 24.5435 -26.9536 -0.561994
acc: 33.1788 97.8339 6.94006
pos: 26.5736 2.82595 0.0257094
vel: 24.6854 -26.455 -0.527757
acc: 23.6103 101.562 6.75368
pos: 26.6973 2.69496 0.0231543
vel: 24.7796 -25.9382 -0.494466
acc: 14.0708 105.136 6.56164
pos: 26.8213 2.5666 0.0207632
vel: 24.8262 -25.4039 -0.462149
acc: 4.58032 108.552 6.36443
pos: 26.9455 2.44095 0.0185311
vel: 24.8256 -24.853 -0.43083
acc: -4.84105 111.805 6.16252
pos: 27.0695 2.3181 0.0164532
vel: 24.778 -24.2862 -0.400531
acc: -14.1733 114.892 5.95636
pos: 27.1932 2.19811 0.0145241
vel: 24.684 -23.7043 -0.371272
acc: -23.3962 117.808 5.74643
pos: 27.3163 2.08108 0.0127387
vel: 24.5442 -23.1084 -0.343072
acc: -32.4899 120.548 5.5332
pos: 27.4386 1.96705 0.0110916
vel: 24.3594 -22.4992 -0.315945
acc: -41.4342 123.107 5.31714
pos: 27.5598 1.8561 0.00957741
vel: 24.1302 -21.8776 -0.289905
acc: -50.2091 125.483 5.09871
pos: 27.6798 1.74829 0.0081907
vel: 23.8576 -21.2447 -0.264961
acc: -58.7945 127.669 4.87839
pos: 27.7983 1.64368 0.00692595
vel: 23.5426 -20.6012 -0.241123
acc: -67.1704 129.662 4.65664
pos: 27.9151 1.5423 0.00577762
vel: 23.1863 -19.9484 -0.218396
acc: -75.3166 131.457 4.43394
pos: 28.0301 1.44421 0.00474013
vel: 22.7898 -19.287 -0.196785
acc: -83.2131 133.05 4.21074
pos: 28.143 1.34944 0.00380791
vel: 22.3546 -18.6182 -0.176289
acc: -90.8398 134.436 3.98753
pos: 28.2536 1.25803 0.00297538
vel: 21.8819 -17.943 -0.156909
acc: -98.1768 135.611 3.76477
pos: 28.3617 1.17002 0.00223697
vel: 21.3733 -17.2625 -0.13864
acc: -105.204 136.571 3.54292
pos: 28.4673 1.08542 0.00158714
vel: 20.8304 -16.5777 -0.121477
acc: -111.901 137.31 3.32246
pos: 28.57 1.00425 0.00102037
vel: 20.2549 -15.8897 -0.105412
acc: -118.248 137.826 3.10386
pos: 28.6698 0.926523 0.000531205
vel: 19.6486 -15.1998 -0.0904346
acc: -124.225 138.112 2.88758
pos: 28.7664 0.852251 0.000114234
vel: 19.0133 -14.509 -0.0765317
acc: -129.812 138.165 2.6741
pos: 28.8598 0.781432 -0.000235878
vel: 18.3511 -13.8185 -0.0636882
acc: -134.988 137.981 2.46388
pos: 28.9499 0.714063 -0.000524385
vel: 17.6641 -13.1296 -0.0518867
acc: -139.734 137.555 2.25739
pos: 29.0365 0.650132 -0.000756449
vel: 16.9545 -12.4434 -0.0411074
acc: -144.03 136.882 2.0551
pos: 29.1194 0.589622 -0.000937125
vel: 16.2246 -11.7612 -0.031328
acc: -147.856 135.958 1.85748
pos: 29.1987 0.532511 -0.00107135
vel: 15.4768 -11.0842 -0.022524
acc: -151.191 134.779 1.665
pos: 29.2742 0.478769 -0.00116395
vel: 14.7136 -10.4138 -0.0146687
acc: -154.015 133.34 1.47812
pos: 29.3458 0.42836 -0.00121957
vel: 13.9375 -9.75129 -0.00773267
acc: -156.309 131.637 1.29732
pos: 29.4135 0.381241 -0.00124275
vel: 13.1514 -9.09792 -0.00168452
acc: -158.052 129.665 1.12307
pos: 29.4773 0.337363 -0.00123784
vel: 12.358 -8.4551 0.00350971
acc: -159.225 127.42 0.955828
pos: 29.5371 0.29667 -0.00120902
vel: 11.5601 -7.82418 0.00788624
acc: -159.806 124.898 0.79607
pos: 29.5929 0.259099 -0.00116028
vel: 10.7609 -7.20659 0.0114837
acc: -159.777 122.094 0.644264
pos: 29.6447 0.22458 -0.00109541
vel: 9.96341 -6.60372 0.0143429
acc: -159.116 119.003 0.500878
pos: 29.6925 0.193035 -0.00101801
vel: 9.17083 -6.01704 0.0165073
acc: -157.805 115.622 0.366381
pos: 29.7364 0.16438 -0.000931423
vel: 8.38648 -5.44799 0.0180223
acc: -155.823 111.946 0.241242
pos: 29.7764 0.138523 -0.000838787
vel: 7.61376 -4.89807 0.018936
acc: -153.149 107.97 0.125929
pos: 29.8126 0.115365 -0.000742981
vel: 6.85617 -4.3688 0.0192988
acc: -149.764 103.69 0.0209131
pos: 29.845 0.094798 -0.00064663
vel: 6.11733 -3.86169 0.0191631
acc: -145.648 99.1017 -0.0733385
pos: 29.8738 0.0767083 -0.000552089
vel: 5.40094 -3.3783 0.0185841
acc: -140.781 94.2005 -0.156357
pos: 29.8991 0.0609729 -0.000461432
vel: 4.71081 -2.92021 0.0176191
acc: -135.142 88.982 -0.227672
pos: 29.9209 0.0474613 -0.000376442
vel: 4.05085 -2.48902 0.0163277
acc: -128.711 83.4417 -0.286817
pos: 29.9396 0.0360352 -0.000298596
vel: 3.42505 -2.08634 0.014772
acc: -121.469 77.5753 -0.333321
pos: 29.9553 0.0265477 -0.000229056
vel: 2.83754 -1.71382 0.0130163
acc: -113.396 71.3783 -0.366716
pos: 29.9681 0.018844 -0.000168655
vel: 2.29251 -1.37311 0.0111274
acc: -104.471 64.8464 -0.386533
pos: 29.9783 0.0127607 -0.000117889
vel: 1.79428 -1.06592 0.00917438
acc: -94.6737 57.975 -0.392304
pos: 29.9861 0.0081261 -7.68995e-05
vel: 1.34726 -0.793936 0.00722858
acc: -83.9849 50.7598 -0.383558
pos: 29.9918 0.00475977 -4.5468e-05
vel: 0.955954 -0.5589 0.00536377
acc: -72.3842 43.1963 -0.359828
pos: 29.9958 0.00247261 -2.3e-05
vel: 0.624972 -0.362561 0.00365605
acc: -59.8515 35.2801 -0.320645
pos: 29.9982 0.00106671 -8.51503e-06
vel: 0.359026 -0.206693 0.00218386
acc: -46.3668 27.0069 -0.26554
pos: 29.9995 0.000335228 -6.34371e-07
vel: 0.162924 -0.0930947 0.00102798
acc: -31.9101 18.372 -0.194043
pos: 29.9999 6.22843e-05 2.43034e-06
vel: 0.0415788 -0.0235833 0.000271533
acc: -16.4611 9.3712 -0.105686
pos: 30 2.28493e-05 2.88901e-06
vel: -1.09139e-11 -1.81899e-12 1.13687e-13
acc: 0 1.09139e-11 4.54747e-13
