pos: 10 6.60478e-17 -3.66086e-18
vel: -1.874e-17 8.37233e-18 -4.88378e-19
acc: -1.90384e-18 6.05726e-19 -3.1748e-20
pos: 10.0005 0.000207272 1.91981e-05
vel: 0.282406 0.123501 0.0114306
acc: 111.23 48.7126 4.5019
pos: 10.0037 0.00162389 0.000150078
vel: 1.09526 0.48035 0.0443266
acc: 212.234 93.3598 8.58838
pos: 10.0122 0.00536629 0.00049483
vel: 2.38826 1.05053 0.0966444
acc: 303.344 134.065 12.2729
pos: 10.0283 0.0124524 0.00114559
vel: 4.11276 1.81463 0.166408
acc: 384.893 170.95 15.5688
pos: 10.054 0.0238045 0.0021848
vel: 6.2218 2.75387 0.251707
acc: 457.214 204.14 18.4896
pos: 10.0911 0.0402527 0.00368549
vel: 8.67007 3.85008 0.350701
acc: 520.64 233.757 21.0487
pos: 10.1412 0.0625376 0.00571167
vel: 11.4139 5.08569 0.461614
acc: 575.505 259.923 23.2595
pos: 10.2057 0.0913136 0.00831864
vel: 14.4114 6.44377 0.582738
acc: 622.141 282.763 25.1355
pos: 10.2857 0.127152 0.0115533
vel: 17.6222 7.90798 0.712433
acc: 660.881 302.399 26.69
pos: 10.3822 0.170544 0.0154546
vel: 21.0076 9.46262 0.849125
acc: 692.059 318.954 27.9366
pos: 10.496 0.221904 0.0200537
vel: 24.5307 11.0926 0.991308
acc: 716.007 332.552 28.8886
pos: 10.6276 0.281571 0.0253745
vel: 28.1562 12.7834 1.13754
acc: 733.058 343.315 29.5595
pos: 10.7776 0.349816 0.0314336
vel: 31.8504 14.5212 1.28646
acc: 743.546 351.367 29.9626
pos: 10.9462 0.42684 0.0382413
vel: 35.5813 16.2928 1.43675
acc: 747.803 356.83 30.1115
pos: 11.1335 0.512779 0.0458013
vel: 39.3186 18.0854 1.58717
acc: 746.162 359.828 30.0196
pos: 11.3394 0.607709 0.0541113
vel: 43.0336 19.8872 1.73656
acc: 738.957 360.484 29.7002
pos: 11.5637 0.711647 0.0631633
vel: 46.6994 21.6866 1.88382
acc: 726.521 358.921 29.1668
pos: 11.8062 0.824553 0.0729441
vel: 50.2907 23.4729 2.0279
acc: 709.186 355.262 28.4329
pos: 12.0665 0.946337 0.0834354
vel: 53.7837 25.2359 2.16783
acc: 687.285 349.63 27.5118
pos: 12.3439 1.07686 0.0946141
vel: 57.1564 26.9661 2.30272
acc: 661.152 342.148 26.417
pos: 12.6378 1.21593 0.106453
vel: 60.3887 28.6545 2.43174
acc: 631.12 332.94 25.1619
pos: 12.9475 1.36332 0.11892
vel: 63.4617 30.2928 2.5541
acc: 597.521 322.128 23.76
pos: 13.2721 1.51876 0.131982
vel: 66.3585 31.8733 2.66911
acc: 560.688 309.835 22.2247
pos: 13.6108 1.68194 0.145598
vel: 69.0637 33.3889 2.77615
acc: 520.955 296.185 20.5694
pos: 13.9624 1.85253 0.159729
vel: 71.5638 34.8331 2.87463
acc: 478.655 281.3 18.8075
pos: 14.326 2.03015 0.174329
vel: 73.8466 36.2001 2.96407
acc: 434.121 265.304 16.9524
pos: 14.7005 2.21439 0.189354
vel: 75.9018 37.4845 3.04402
acc: 387.685 248.32 15.0177
pos: 15.0847 2.40485 0.204753
vel: 77.7208 38.6818 3.11413
acc: 339.68 230.471 13.0167
pos: 15.4773 2.60106 0.220478
vel: 79.2966 39.788 3.1741
acc: 290.441 211.879 10.9628
pos: 15.8772 2.80257 0.236477
vel: 80.6237 40.7996 3.22369
acc: 240.299 192.669 8.86951
pos: 16.2831 3.00889 0.252697
vel: 81.6986 41.7138 3.26275
acc: 189.588 172.963 6.75022
pos: 16.6938 3.21954 0.269087
vel: 82.5192 42.5286 3.29118
acc: 138.641 152.884 4.61836
pos: 17.1079 3.43401 0.285591
vel: 83.0852 43.2423 3.30894
acc: 87.7899 132.556 2.48736
pos: 17.5242 3.65179 0.302158
vel: 83.3978 43.8539 3.31607
acc: 37.3691 112.1 0.370649
pos: 17.9414 3.87238 0.318735
vel: 83.4601 44.3633 3.31269
acc: -12.289 91.6416 -1.71834
pos: 18.3584 4.09526 0.335268
vel: 83.2768 44.7705 3.29896
acc: -60.8512 71.3024 -3.76619
pos: 18.7738 4.31992 0.351707
vel: 82.854 45.0767 3.27512
acc: -107.985 51.2059 -5.75946
pos: 19.1865 4.54586 0.368003
vel: 82.1998 45.2832 3.24148
acc: -153.356 31.4752 -7.68473
pos: 19.5954 4.77258 0.384106
vel: 81.3239 45.3922 3.19841
acc: -196.633 12.2332 -9.52857
pos: 19.9993 5.00005 0.399986
vel: 80.2377 45.4065 3.14635
acc: -237.481 -6.39678 -11.2776
pos: 20.3973 5.22693 0.41557
vel: 78.9538 45.3294 3.08581
acc: -275.635 -24.3142 -12.9209
pos: 20.7885 5.4532 0.430831
vel: 77.4859 45.1646 3.01732
acc: -311.09 -41.5077 -14.4582
pos: 21.1719 5.67843 0.44573
vel: 75.8473 44.9155 2.9414
acc: -343.909 -57.9884 -15.8918
pos: 21.5467 5.90222 0.460233
vel: 74.0511 44.5858 2.85857
acc: -374.153 -73.7675 -17.224
pos: 21.9122 6.12416 0.474305
vel: 72.11 44.179 2.76933
acc: -401.886 -88.8561 -18.457
pos: 22.2676 6.34389 0.487917
vel: 70.0363 43.6984 2.67416
acc: -427.169 -103.265 -19.5932
pos: 22.6123 6.56103 0.501038
vel: 67.8422 43.1475 2.57355
acc: -450.064 -117.006 -20.6349
pos: 22.9458 6.77525 0.513644
vel: 65.5395 42.5294 2.46797
acc: -470.635 -130.09 -21.5843
pos: 23.2676 6.98622 0.52571
vel: 63.1397 41.8476 2.35786
acc: -488.942 -142.528 -22.4438
pos: 23.5771 7.19363 0.537216
vel: 60.6538 41.1052 2.24368
acc: -505.049 -154.331 -23.2155
pos: 23.874 7.39718 0.548141
vel: 58.0927 40.3054 2.12585
acc: -519.018 -165.51 -23.9019
pos: 24.1579 7.59659 0.558469
vel: 55.4671 39.4512 2.0048
acc: -530.91 -176.076 -24.5051
pos: 24.4286 7.7916 0.568184
vel: 52.787 38.5456 1.88093
acc: -540.788 -186.041 -25.0276
pos: 24.6857 7.98196 0.577274
vel: 50.0624 37.5917 1.75465
acc: -548.715 -195.415 -25.4715
pos: 24.9291 8.16744 0.585727
vel: 47.303 36.5924 1.62634
acc: -554.753 -204.211 -25.8392
pos: 25.1587 8.34782 0.593535
vel: 44.518 35.5506 1.49638
acc: -558.963 -212.438 -26.1329
pos: 25.3743 8.52288 0.600689
vel: 41.7163 34.469 1.36513
acc: -561.408 -220.108 -26.355
pos: 25.5758 8.69245 0.607185
vel: 38.9067 33.3504 1.23295
acc: -562.151 -227.232 -26.5077
pos: 25.7634 8.85633 0.613017
vel: 36.0975 32.1976 1.10017
acc: -561.254 -233.821 -26.5934
pos: 25.9368 9.01437 0.618186
vel: 33.2968 31.0131 0.967122
acc: -558.778 -239.886 -26.6143
pos: 26.0963 9.16641 0.622689
vel: 30.5123 29.7995 0.83413
acc: -554.787 -245.439 -26.5726
pos: 26.242 9.31232 0.626528
vel: 27.7514 28.5595 0.701497
acc: -549.342 -250.491 -26.4708
pos: 26.3739 9.45197 0.629705
vel: 25.0212 27.2955 0.569518
acc: -542.505 -255.052 -26.311
pos: 26.4923 9.58524 0.632224
vel: 22.3285 26.0098 0.438479
acc: -534.34 -259.134 -26.0956
pos: 26.5973 9.71203 0.634092
vel: 19.6799 24.7049 0.308651
acc: -524.907 -262.748 -25.8269
pos: 26.6892 9.83226 0.635313
vel: 17.0815 23.3831 0.180295
acc: -514.27 -265.905 -25.5071
pos: 26.7682 9.94584 0.635898
vel: 14.5391 22.0466 0.053661
acc: -502.491 -268.616 -25.1386
pos: 26.8346 10.0527 0.635853
vel: 12.0583 20.6976 -0.0710133
acc: -489.632 -270.892 -24.7236
pos: 26.8889 10.1528 0.635191
vel: 9.64446 19.3384 -0.193501
acc: -475.755 -272.745 -24.2644
pos: 26.9312 10.2461 0.633922
vel: 7.30239 17.9709 -0.313588
acc: -460.922 -274.185 -23.7633
pos: 26.962 10.3325 0.632059
vel: 5.03673 16.5972 -0.431068
acc: -445.196 -275.224 -23.2226
pos: 26.9817 10.412 0.629616
vel: 2.85182 15.2193 -0.545752
acc: -428.639 -275.873 -22.6447
pos: 26.9907 10.4847 0.626607
vel: 0.75163 13.8391 -0.657457
acc: -411.313 -276.143 -22.0316
pos: 26.9894 10.5504 0.623047
vel: -1.26013 12.4585 -0.766014
acc: -393.28 -276.044 -21.3859
pos: 26.9782 10.6093 0.618952
vel: -3.1801 11.0792 -0.871265
acc: -374.603 -275.589 -20.7097
pos: 26.9577 10.6612 0.61434
vel: -5.00519 9.70316 -0.973064
acc: -355.344 -274.788 -20.0054
pos: 26.9283 10.7063 0.609228
vel: -6.73267 8.33192 -1.07128
acc: -335.565 -273.653 -19.2751
pos: 26.8906 10.7446 0.603633
vel: -8.36009 6.96717 -1.16578
acc: -315.329 -272.194 -18.5214
pos: 26.8449 10.776 0.597576
vel: -9.8853 5.6105 -1.25645
acc: -294.698 -270.422 -17.7463
pos: 26.7919 10.8007 0.591075
vel: -11.3065 4.26345 -1.34321
acc: -273.733 -268.35 -16.9522
pos: 26.732 10.8187 0.584151
vel: -12.6222 2.92749 -1.42595
acc: -252.497 -265.987 -16.1415
pos: 26.6659 10.83 0.576823
vel: -13.8311 1.60405 -1.5046
acc: -231.053 -263.345 -15.3163
pos: 26.5939 10.8347 0.569112
vel: -14.9325 0.294486 -1.57909
acc: -209.463 -260.435 -14.479
pos: 26.5167 10.8329 0.561039
vel: -15.9256 -0.99988 -1.64937
acc: -187.789 -257.269 -13.6318
pos: 26.4348 10.8247 0.552625
vel: -16.8103 -2.27779 -1.7154
acc: -166.093 -253.857 -12.7771
pos: 26.3488 10.8102 0.543892
vel: -17.5866 -3.53806 -1.77713
acc: -144.437 -250.21 -11.9172
pos: 26.2591 10.7894 0.534861
vel: -18.2549 -4.77953 -1.83456
acc: -122.884 -246.34 -11.0542
pos: 26.1664 10.7624 0.525554
vel: -18.8157 -6.00111 -1.88767
acc: -101.496 -242.258 -10.1906
pos: 26.0712 10.7294 0.515992
vel: -19.2702 -7.20177 -1.93647
acc: -80.3356 -237.975 -9.32863
pos: 25.9739 10.6905 0.506196
vel: -19.6196 -8.38054 -1.98097
acc: -59.4644 -233.501 -8.47053
pos: 25.8751 10.6456 0.496189
vel: -19.8654 -9.53648 -2.02119
acc: -38.9449 -228.849 -7.61863
pos: 25.7754 10.5951 0.485991
vel: -20.0097 -10.6687 -2.05717
acc: -18.8394 -224.029 -6.7752
pos: 25.6752 10.539 0.475624
vel: -20.0546 -11.7765 -2.08896
acc: 0.789826 -219.052 -5.94254
pos: 25.575 10.4774 0.465109
vel: -20.0027 -12.859 -2.11661
acc: 19.8806 -213.93 -5.12293
pos: 25.4753 10.4105 0.454465
vel: -19.8568 -13.9156 -2.14021
acc: 38.3706 -208.673 -4.31868
pos: 25.3766 10.3383 0.443713
vel: -19.6201 -14.9455 -2.15983
acc: 56.1976 -203.293 -3.53206
pos: 25.2793 10.261 0.432873
vel: -19.2961 -15.9483 -2.17557
acc: 73.2994 -197.8 -2.76537
pos: 25.1838 10.1789 0.421964
vel: -18.8884 -16.9234 -2.18752
acc: 89.6137 -192.207 -2.02089
pos: 25.0905 10.0919 0.411004
vel: -18.4013 -17.8702 -2.19582
acc: 105.078 -186.524 -1.30092
pos: 25 9.99999 0.399999
vel: -17.8393 -18.7884 -2.20058
acc: 119.631 -180.762 -0.607746
pos: 24.9124 9.90382 0.388991
vel: -17.2068 -19.6777 -2.20195
acc: 133.224 -174.932 0.0568978
pos: 24.828 9.80327 0.377985
vel: -16.5087 -20.5376 -2.20006
acc: 145.864 -169.04 0.692921
pos: 24.7474 9.69849 0.366996
vel: -15.7497 -21.368 -2.19506
acc: 157.569 -163.088 1.30079
pos: 24.6706 9.58964 0.356039
vel: -14.9345 -22.1684 -2.1871
acc: 168.36 -157.082 1.88098
pos: 24.5981 9.47686 0.345129
vel: -14.0676 -22.9387 -2.1763
acc: 178.257 -151.026 2.43395
pos: 24.53 9.3603 0.334281
vel: -13.1534 -23.6786 -2.1628
acc: 187.28 -144.924 2.96018
pos: 24.4667 9.24012 0.323506
vel: -12.1962 -24.3879 -2.14674
acc: 195.449 -138.781 3.46013
pos: 24.4081 9.11647 0.312817
vel: -11.2003 -25.0663 -2.12824
acc: 202.784 -132.601 3.93427
pos: 24.3547 8.98951 0.302227
vel: -10.1697 -25.7138 -2.10744
acc: 209.305 -126.388 4.38308
pos: 24.3065 8.85939 0.291746
vel: -9.10856 -26.3302 -2.08445
acc: 215.032 -120.148 4.80701
pos: 24.2637 8.72626 0.281386
vel: -8.0207 -26.9153 -2.05941
acc: 219.986 -113.884 5.20654
pos: 24.2263 8.59029 0.271156
vel: -6.90996 -27.469 -2.03243
acc: 224.186 -107.602 5.58215
pos: 24.1946 8.45162 0.261065
vel: -5.78006 -27.9913 -2.00363
acc: 227.653 -101.304 5.93428
pos: 24.1686 8.31043 0.251122
vel: -4.63462 -28.482 -1.97312
acc: 230.406 -94.9965 6.26343
pos: 24.1483 8.16685 0.241336
vel: -3.47715 -28.9412 -1.94103
acc: 232.466 -88.6829 6.57004
pos: 24.1338 8.02107 0.231714
vel: -2.31108 -29.3688 -1.90746
acc: 233.852 -82.368 6.8546
pos: 24.1252 7.87322 0.222264
vel: -1.13972 -29.7649 -1.87252
acc: 234.585 -76.0562 7.11758
pos: 24.1224 7.72347 0.212991
vel: 0.033713 -30.1294 -1.83632
acc: 234.685 -69.7518 7.35943
pos: 24.1255 7.57198 0.203902
vel: 1.2061 -30.4624 -1.79896
acc: 234.171 -63.4593 7.58063
pos: 24.1345 7.4189 0.195003
vel: 2.37444 -30.764 -1.76055
acc: 233.065 -57.1831 7.78166
pos: 24.1492 7.26439 0.186299
vel: 3.5358 -31.0343 -1.72118
acc: 231.385 -50.9277 7.96296
pos: 24.1698 7.10861 0.177793
vel: 4.68737 -31.2734 -1.68095
acc: 229.153 -44.6974 8.12503
pos: 24.1961 6.95171 0.16949
vel: 5.82644 -31.4813 -1.63996
acc: 226.388 -38.4968 8.26832
pos: 24.228 6.79385 0.161394
vel: 6.95039 -31.6584 -1.5983
acc: 223.109 -32.3302 8.39331
pos: 24.2656 6.63518 0.153508
vel: 8.05671 -31.8047 -1.55606
acc: 219.338 -26.202 8.50046
pos: 24.3086 6.47585 0.145835
vel: 9.14299 -31.9205 -1.51332
acc: 215.095 -20.1167 8.59024
pos: 24.357 6.31602 0.138376
vel: 10.2069 -32.0059 -1.47018
acc: 210.398 -14.0788 8.66312
pos: 24.4106 6.15584 0.131133
vel: 11.2463 -32.0613 -1.42672
acc: 205.27 -8.09252 8.71957
pos: 24.4694 5.99546 0.124109
vel: 12.2589 -32.087 -1.38301
acc: 199.728 -2.16245 8.76006
pos: 24.5331 5.83502 0.117304
vel: 13.2429 -32.0831 -1.33914
acc: 193.794 3.70702 8.78506
pos: 24.6018 5.67467 0.110718
vel: 14.1962 -32.05 -1.29519
acc: 187.488 9.51148 8.79504
pos: 24.6751 5.51457 0.104352
vel: 15.1172 -31.9881 -1.25122
acc: 180.83 15.2465 8.79046
pos: 24.7529 5.35484 0.0982055
vel: 16.004 -31.8977 -1.20731
acc: 173.839 20.9076 8.77179
pos: 24.835 5.19564 0.0922785
vel: 16.855 -31.7791 -1.16352
acc: 166.536 26.4905 8.73951
pos: 24.9214 5.0371 0.08657
vel: 17.6689 -31.6329 -1.11993
acc: 158.941 31.9906 8.69408
pos: 25.0117 4.87935 0.0810787
vel: 18.444 -31.4594 -1.0766
acc: 151.074 37.4036 8.63597
pos: 25.1057 4.72255 0.0758034
vel: 19.1792 -31.259 -1.03359
acc: 142.955 42.725 8.56565
pos: 25.2034 4.56681 0.0707422
vel: 19.8732 -31.0323 -0.990965
acc: 134.605 47.9504 8.48358
pos: 25.3044 4.41227 0.065893
vel: 20.5249 -30.7797 -0.948776
acc: 126.042 53.0754 8.39025
pos: 25.4086 4.25905 0.0612536
vel: 21.1333 -30.5017 -0.907081
acc: 117.287 58.0955 8.28611
pos: 25.5157 4.10729 0.0568213
vel: 21.6975 -30.1989 -0.865932
acc: 108.361 63.0063 8.17164
pos: 25.6255 3.95711 0.0525933
vel: 22.2166 -29.8718 -0.825381
acc: 99.2834 67.8034 8.0473
pos: 25.7377 3.80861 0.0485664
vel: 22.6901 -29.5211 -0.785475
acc: 90.0741 72.4824 7.91356
pos: 25.8523 3.66193 0.0447374
vel: 23.1172 -29.1472 -0.74626
acc: 80.7532 77.0388 7.7709
pos: 25.9688 3.51718 0.0411026
vel: 23.4975 -28.7509 -0.70778
acc: 71.3409 81.4683 7.61977
pos: 26.0872 3.37446 0.0376583
vel: 23.8305 -28.3327 -0.670076
acc: 61.8573 85.7663 7.46066
pos: 26.2071 3.23389 0.0344005
vel: 24.1159 -27.8934 -0.633186
acc: 52.3223 89.9285 7.29402
pos: 26.3283 3.09556 0.031325
vel: 24.3536 -27.4337 -0.597147
acc: 42.7561 93.9504 7.12034
pos: 26.4505 2.95958 0.0284275
vel: 24.5435 -26.9542 -0.561994
acc: 33.1788 97.8276 6.94006
pos: 26.5736 2.82605 0.0257035
vel: 24.6854 -26.4557 -0.527757
acc: 23.6103 101.556 6.75368
pos: 26.6973 2.69506 0.0231484
vel: 24.7796 -25.9389 -0.494466
acc: 14.0708 105.13 6.56164
pos: 26.8213 2.56669 0.0207572
vel: 24.8262 -25.4046 -0.462149
acc: 4.58032 108.547 6.36443
pos: 26.9455 2.44104 0.0185252
vel: 24.8256 -24.8537 -0.43083
acc: -4.84105 111.801 6.16252
pos: 27.0695 2.31818 0.0164472
vel: 24.778 -24.2869 -0.400531
acc: -14.1733 114.888 5.95636
pos: 27.1932 2.19819 0.0145182
vel: 24.684 -23.7051 -0.371272
acc: -23.3962 117.804 5.74643
pos: 27.3163 2.08115 0.0127328
vel: 24.5442 -23.1091 -0.343072
acc: -32.4899 120.545 5.5332
pos: 27.4385 1.96713 0.0110857
vel: 24.3594 -22.4999 -0.315945
acc: -41.4342 123.105 5.31714
pos: 27.5598 1.85617 0.00957149
vel: 24.1302 -21.8784 -0.289905
acc: -50.2091 125.481 5.09871
pos: 27.6798 1.74836 0.00818479
vel: 23.8576 -21.2454 -0.264961
acc: -58.7945 127.668 4.87839
pos: 27.7983 1.64374 0.00692004
vel: 23.5426 -20.602 -0.241123
acc: -67.1704 129.661 4.65664
pos: 27.9151 1.54236 0.0057717
vel: 23.1863 -19.9492 -0.218396
acc: -75.3166 131.456 4.43394
pos: 28.0301 1.44426 0.00473422
vel: 22.7898 -19.2878 -0.196785
acc: -83.2131 133.05 4.21074
pos: 28.143 1.34949 0.003802
vel: 22.3546 -18.619 -0.176289
acc: -90.8398 134.436 3.98753
pos: 28.2536 1.25808 0.00296947
vel: 21.8819 -17.9438 -0.156909
acc: -98.1768 135.612 3.76477
pos: 28.3617 1.17006 0.00223106
vel: 21.3733 -17.2633 -0.13864
acc: -105.204 136.572 3.54292
pos: 28.4672 1.08546 0.00158122
vel: 20.8304 -16.5784 -0.121477
acc: -111.901 137.312 3.32246
pos: 28.57 1.00428 0.00101446
vel: 20.2549 -15.8905 -0.105412
acc: -118.248 137.828 3.10386
pos: 28.6697 0.926553 0.00052529
vel: 19.6486 -15.2006 -0.0904346
acc: -124.225 138.115 2.88758
pos: 28.7664 0.852278 0.000108319
vel: 19.0133 -14.5097 -0.0765317
acc: -129.812 138.169 2.6741
pos: 28.8598 0.781455 -0.000241793
vel: 18.3511 -13.8193 -0.0636882
acc: -134.988 137.985 2.46388
pos: 28.9499 0.714082 -0.0005303
vel: 17.6641 -13.1303 -0.0518867
acc: -139.734 137.559 2.25739
pos: 29.0364 0.650148 -0.000762364
vel: 16.9545 -12.4441 -0.0411074
acc: -144.03 136.886 2.0551
pos: 29.1194 0.589635 -0.000943041
vel: 16.2246 -11.7619 -0.031328
acc: -147.856 135.963 1.85748
pos: 29.1987 0.53252 -0.00107727
vel: 15.4768 -11.0849 -0.022524
acc: -151.191 134.784 1.665
pos: 29.2741 0.478775 -0.00116986
vel: 14.7136 -10.4145 -0.0146687
acc: -154.015 133.345 1.47812
pos: 29.3458 0.428363 -0.00122549
vel: 13.9375 -9.75188 -0.00773267
acc: -156.309 131.642 1.29732
pos: 29.4135 0.381241 -0.00124867
vel: 13.1514 -9.09848 -0.00168452
acc: -158.052 129.671 1.12307
pos: 29.4773 0.33736 -0.00124376
vel: 12.358 -8.45563 0.00350971
acc: -159.225 127.426 0.955828
pos: 29.5371 0.296665 -0.00121493
vel: 11.5601 -7.82468 0.00788624
acc: -159.806 124.904 0.79607
pos: 29.5929 0.259091 -0.00116619
vel: 10.7609 -7.20705 0.0114837
acc: -159.777 122.1 0.644264
pos: 29.6447 0.22457 -0.00110133
vel: 9.96341 -6.60416 0.0143429
acc: -159.116 119.01 0.500878
pos: 29.6925 0.193023 -0.00102392
vel: 9.17083 -6.01744 0.0165073
acc: -157.805 115.629 0.366381
pos: 29.7364 0.164366 -0.000937338
vel: 8.38648 -5.44836 0.0180223
acc: -155.823 111.952 0.241242
pos: 29.7764 0.138507 -0.000844702
vel: 7.61376 -4.89842 0.018936
acc: -153.149 107.976 0.125929
pos: 29.8126 0.115347 -0.000748896
vel: 6.85617 -4.36911 0.0192988
acc: -149.764 103.696 0.0209131
pos: 29.845 0.0947793 -0.000652545
vel: 6.11733 -3.86197 0.0191631
acc: -145.648 99.108 -0.0733385
pos: 29.8738 0.0766882 -0.000558004
vel: 5.40094 -3.37855 0.0185841
acc: -140.781 94.2066 -0.156357
pos: 29.899 0.0609517 -0.000467347
vel: 4.71081 -2.92043 0.0176191
acc: -135.142 88.9879 -0.227672
pos: 29.9209 0.0474391 -0.000382357
vel: 4.05085 -2.48921 0.0163277
acc: -128.711 83.4474 -0.286817
pos: 29.9396 0.0360121 -0.000304511
vel: 3.42505 -2.0865 0.014772
acc: -121.469 77.5808 -0.333321
pos: 29.9552 0.0265239 -0.000234971
vel: 2.83754 -1.71395 0.0130163
acc: -113.396 71.3835 -0.366716
pos: 29.9681 0.0188196 -0.000174571
vel: 2.29251 -1.37322 0.0111274
acc: -104.471 64.8512 -0.386533
pos: 29.9782 0.0127358 -0.000123804
vel: 1.79428 -1.066 0.00917438
acc: -94.6737 57.9794 -0.392304
pos: 29.9861 0.00810084 -8.28148e-05
vel: 1.34726 -0.794 0.00722858
acc: -83.9849 50.7637 -0.383558
pos: 29.9918 0.00473423 -5.13833e-05
vel: 0.955954 -0.558945 0.00536377
acc: -72.3842 43.1997 -0.359828
pos: 29.9957 0.00244689 -2.89153e-05
vel: 0.624972 -0.362591 0.00365605
acc: -59.8515 35.283 -0.320645
pos: 29.9982 0.00104087 -1.44303e-05
vel: 0.359026 -0.206711 0.00218386
acc: -46.3668 27.0091 -0.26554
pos: 29.9994 0.000309328 -6.54968e-06
vel: 0.162924 -0.0931026 0.00102798
acc: -31.9101 18.3736 -0.194043
pos: 29.9999 3.63611e-05 -3.48497e-06
vel: 0.0415788 -0.0235853 0.000271533
acc: -16.4611 9.372 -0.105686
pos: 30 -3.07727e-06 -3.0263e-06
vel: 7.27596e-12 2.27374e-12 2.27374e-13
acc: -7.27596e-11 1.81899e-12 0
