pos: 10 6.23759e-15 8.87451e-16
vel: 2.14397e-14 4.95234e-15 6.9979e-16
acc: 1.15145e-14 2.69937e-15 3.77419e-16
pos: 10.0268 0.0116018 0.00104446
vel: 0.780209 0.33874 0.0304078
acc: 14.6434 6.40668 0.57158
pos: 10.1956 0.0855395 0.00763351
vel: 2.74908 1.21211 0.107468
acc: 23.8988 10.7365 0.937708
pos: 10.5995 0.265331 0.0234518
vel: 5.40545 2.42559 0.212034
acc: 28.5187 13.253 1.12638
pos: 11.2853 0.576362 0.0504093
vel: 8.3234 3.81106 0.327762
acc: 29.2561 14.2201 1.16559
pos: 12.2611 1.02852 0.0889215
vel: 11.1523 5.22675 0.441104
acc: 26.8635 13.9013 1.08335
pos: 13.5035 1.61884 0.138189
vel: 13.6169 6.55726 0.541315
acc: 22.0939 12.5604 0.907633
pos: 14.9656 2.33414 0.196479
vel: 15.517 7.71355 0.620449
acc: 15.6999 10.461 0.666453
pos: 16.5839 3.15363 0.261402
vel: 16.7278 8.63296 0.673357
acc: 8.43434 7.86676 0.387803
pos: 18.2864 4.05159 0.330195
vel: 17.1999 9.27919 0.697693
acc: 1.04989 5.04145 0.0996801
pos: 20 5 0.4
vel: 16.9589 9.64233 0.69391
acc: -5.70066 2.24872 -0.169919
pos: 20 5 0.4
vel: 16.9589 9.64233 0.69391
acc: -5.70066 2.24872 -0.169919
pos: 21.6577 5.97112 0.468142
vel: 16.1024 9.73767 0.665131
acc: -11.2072 -0.293388 -0.398166
pos: 23.2043 6.93954 0.532339
vel: 14.7603 9.5932 0.615728
acc: -15.4304 -2.5493 -0.582901
pos: 24.5976 7.8827 0.590741
vel: 13.0557 9.23702 0.549901
acc: -18.4733 -4.5291 -0.727135
pos: 25.8071 8.78079 0.641902
vel: 11.1015 8.69624 0.47155
acc: -20.4392 -6.24285 -0.833878
pos: 26.813 9.61667 0.684754
vel: 9.00029 7.99698 0.384275
acc: -21.4313 -7.70061 -0.90614
pos: 27.6054 10.3757 0.71857
vel: 6.84426 7.16432 0.291371
acc: -21.5528 -8.91247 -0.94693
pos: 28.1828 11.0459 0.742941
vel: 4.7153 6.22235 0.195837
acc: -20.907 -9.88849 -0.959259
pos: 28.5517 11.6173 0.75774
vel: 2.68499 5.19415 0.100368
acc: -19.5971 -10.6387 -0.946136
pos: 28.7251 12.0826 0.763096
vel: 0.814583 4.10179 0.00735811
acc: -17.7262 -11.1733 -0.910572
pos: 28.7217 12.4363 0.759364
vel: -0.844988 2.96634 -0.0810987
acc: -15.3976 -11.5022 -0.855576
pos: 28.5645 12.6751 0.747089
vel: -2.25311 1.80787 -0.16321
acc: -12.7144 -11.6356 -0.784158
pos: 28.2805 12.7977 0.726983
vel: -3.3795 0.645415 -0.237483
acc: -9.78004 -11.5834 -0.699328
pos: 27.8987 12.8046 0.699893
vel: -4.20419 -0.502969 -0.302729
acc: -6.69757 -11.3559 -0.604096
pos: 27.45 12.6981 0.666768
vel: -4.71752 -1.62025 -0.358056
acc: -3.57023 -10.9629 -0.501472
pos: 26.9656 12.4822 0.628633
vel: -4.92018 -2.69038 -0.402877
acc: -0.50125 -10.4148 -0.394465
pos: 26.476 12.1621 0.586553
vel: -4.82315 -3.69836 -0.436903
acc: 2.40616 -9.72135 -0.286087
pos: 26.0102 11.745 0.541612
vel: -4.44777 -4.63015 -0.460149
acc: 5.04879 -8.8928 -0.179345
pos: 25.5947 11.2391 0.494873
vel: -3.82566 -5.47275 -0.472927
acc: 7.32342 -7.93918 -0.0772517
pos: 25.2519 10.6539 0.447355
vel: -2.99879 -6.21415 -0.475854
acc: 9.12684 -6.87055 0.0171847
pos: 25 10 0.4
vel: -2.01944 -6.84336 -0.469846
acc: 10.3558 -5.69699 0.100954
pos: 24.8511 9.28925 0.353644
vel: -0.94945 -7.35046 -0.456104
acc: 10.9378 -4.43161 0.171683
pos: 24.811 8.53425 0.308993
vel: 0.148198 -7.72746 -0.435938
acc: 10.9223 -3.09965 0.22955
pos: 24.8798 7.74828 0.266628
vel: 1.21778 -7.96912 -0.410595
acc: 10.3898 -1.72943 0.275368
pos: 25.052 6.94502 0.227008
vel: 2.21159 -8.07302 -0.381239
acc: 9.4204 -0.34923 0.309952
pos: 25.3182 6.13825 0.190478
vel: 3.08997 -8.03957 -0.348952
acc: 8.09445 1.01264 0.334116
pos: 25.6651 5.34158 0.157282
vel: 3.82127 -7.87204 -0.314736
acc: 6.4922 2.3279 0.348675
pos: 26.0768 4.56812 0.127565
vel: 4.38188 -7.57649 -0.27951
acc: 4.69393 3.56823 0.354443
pos: 26.5353 3.83025 0.101385
vel: 4.7562 -7.16183 -0.244113
acc: 2.7799 4.70536 0.352235
pos: 27.0216 3.13933 0.0787224
vel: 4.93667 -6.6398 -0.209302
acc: 0.830372 5.71097 0.342864
pos: 27.5162 2.50539 0.0594828
vel: 4.92377 -6.02497 -0.175752
acc: -1.07438 6.55677 0.327146
pos: 28.0001 1.93686 0.04351
vel: 4.72597 -5.33472 -0.144057
acc: -2.85408 7.21446 0.305894
pos: 28.4557 1.44029 0.0305923
vel: 4.35979 -4.58929 -0.11473
acc: -4.42847 7.65576 0.279924
pos: 28.8673 1.02007 0.0204705
vel: 3.84979 -3.81173 -0.0882027
acc: -5.71727 7.85235 0.250048
pos: 29.222 0.678153 0.0128467
vel: 3.22854 -3.02792 -0.0648238
acc: -6.64022 7.77595 0.217083
pos: 29.5106 0.413742 0.00739178
vel: 2.53662 -2.26658 -0.044862
acc: -7.11706 7.39826 0.181842
pos: 29.7286 0.22304 0.00375407
vel: 1.82267 -1.55925 -0.0285042
acc: -7.0675 6.69098 0.145139
pos: 29.8763 0.0989488 0.00156721
vel: 1.14334 -0.940312 -0.0158558
acc: -6.41128 5.6258 0.107789
pos: 29.9605 0.0307941 0.000458371
vel: 0.563312 -0.446963 -0.00694087
acc: -5.06814 4.17445 0.070606
pos: 29.9947 0.00403847 5.64123e-05
vel: 0.155287 -0.119238 -0.00170189
acc: -2.9578 2.30861 0.034405
