pos: 10 -8.46523e-17 -1.42511e-17
vel: -1.874e-17 -1.26801e-17 -1.76272e-18
acc: -1.90384e-18 -7.28503e-19 -1.04215e-19
pos: 10.0005 0.000207278 1.91992e-05
vel: 0.282406 0.123505 0.0114313
acc: 111.23 48.714 4.50215
pos: 10.0037 0.00162394 0.000150087
vel: 1.09526 0.480365 0.0443291
acc: 212.234 93.3626 8.58887
pos: 10.0122 0.00536645 0.000494858
vel: 2.38826 1.05056 0.0966499
acc: 303.344 134.069 12.2736
pos: 10.0283 0.0124527 0.00114566
vel: 4.11276 1.81469 0.166417
acc: 384.893 170.956 15.5697
pos: 10.054 0.0238052 0.00218492
vel: 6.2218 2.75395 0.251721
acc: 457.214 204.146 18.4906
pos: 10.0911 0.0402538 0.00368569
vel: 8.67007 3.85019 0.350721
acc: 520.64 233.764 21.0499
pos: 10.1412 0.0625394 0.00571199
vel: 11.4139 5.08584 0.46164
acc: 575.505 259.931 23.2608
pos: 10.2057 0.0913163 0.00831911
vel: 14.4114 6.44396 0.58277
acc: 622.141 282.771 25.1369
pos: 10.2857 0.127156 0.011554
vel: 17.6222 7.90822 0.712472
acc: 660.881 302.408 26.6915
pos: 10.3822 0.170549 0.0154555
vel: 21.0076 9.4629 0.849172
acc: 692.059 318.964 27.9381
pos: 10.496 0.22191 0.0200548
vel: 24.5307 11.0929 0.991363
acc: 716.007 332.562 28.8901
pos: 10.6276 0.28158 0.0253759
vel: 28.1562 12.7838 1.1376
acc: 733.058 343.326 29.561
pos: 10.7776 0.349827 0.0314354
vel: 31.8504 14.5217 1.28653
acc: 743.546 351.378 29.9642
pos: 10.9462 0.426853 0.0382434
vel: 35.5813 16.2933 1.43682
acc: 747.803 356.841 30.1131
pos: 11.1335 0.512794 0.0458038
vel: 39.3186 18.086 1.58726
acc: 746.162 359.839 30.0211
pos: 11.3394 0.607727 0.0541143
vel: 43.0336 19.8877 1.73665
acc: 738.957 360.495 29.7016
pos: 11.5637 0.711668 0.0631668
vel: 46.6994 21.6872 1.88392
acc: 726.521 358.932 29.1682
pos: 11.8062 0.824578 0.0729481
vel: 50.2907 23.4736 2.028
acc: 709.186 355.273 28.4342
pos: 12.0665 0.946365 0.0834399
vel: 53.7837 25.2367 2.16795
acc: 687.285 349.641 27.5131
pos: 12.3439 1.07689 0.0946192
vel: 57.1564 26.9669 2.30284
acc: 661.152 342.159 26.4182
pos: 12.6378 1.21596 0.106459
vel: 60.3887 28.6554 2.43186
acc: 631.12 332.95 25.163
pos: 12.9475 1.36336 0.118927
vel: 63.4617 30.2937 2.55423
acc: 597.521 322.138 23.761
pos: 13.2721 1.51881 0.131989
vel: 66.3585 31.8743 2.66925
acc: 560.688 309.845 22.2256
pos: 13.6108 1.68199 0.145606
vel: 69.0637 33.3899 2.77628
acc: 520.955 296.194 20.5701
pos: 13.9624 1.85259 0.159737
vel: 71.5638 34.8342 2.87477
acc: 478.655 281.309 18.8081
pos: 14.326 2.03021 0.174338
vel: 73.8466 36.2012 2.96421
acc: 434.121 265.313 16.9529
pos: 14.7005 2.21446 0.189363
vel: 75.9018 37.4857 3.04417
acc: 387.685 248.328 15.0181
pos: 15.0847 2.40492 0.204764
vel: 77.7208 38.683 3.11428
acc: 339.68 230.478 13.0169
pos: 15.4773 2.60114 0.220489
vel: 79.2966 39.7892 3.17425
acc: 290.441 211.887 10.9629
pos: 15.8772 2.80265 0.236489
vel: 80.6237 40.8008 3.22384
acc: 240.299 192.676 8.86945
pos: 16.2831 3.00898 0.25271
vel: 81.6986 41.7151 3.2629
acc: 189.588 172.969 6.75002
pos: 16.6938 3.21964 0.2691
vel: 82.5192 42.5299 3.29132
acc: 138.641 152.89 4.61802
pos: 17.1079 3.43411 0.285606
vel: 83.0852 43.2436 3.30908
acc: 87.7899 132.56 2.48688
pos: 17.5242 3.6519 0.302173
vel: 83.3978 43.8553 3.31622
acc: 37.3691 112.105 0.37003
pos: 17.9414 3.8725 0.31875
vel: 83.4601 44.3647 3.31283
acc: -12.289 91.6454 -1.7191
pos: 18.3584 4.09538 0.335284
vel: 83.2768 44.772 3.29909
acc: -60.8512 71.3056 -3.76707
pos: 18.7738 4.32005 0.351724
vel: 82.854 45.0781 3.27525
acc: -107.985 51.2085 -5.76047
pos: 19.1865 4.546 0.368021
vel: 82.1998 45.2846 3.2416
acc: -153.356 31.4772 -7.68586
pos: 19.5954 4.77273 0.384125
vel: 81.3239 45.3937 3.19853
acc: -196.633 12.2346 -9.52981
pos: 19.9993 4.99949 0.399981
vel: 80.2377 45.408 3.14646
acc: -237.481 -6.39595 -11.2789
pos: 20.3973 5.22638 0.415565
vel: 78.9538 45.3309 3.08591
acc: -275.635 -24.3139 -12.9223
pos: 20.7885 5.45265 0.430827
vel: 77.4859 45.166 3.01741
acc: -311.09 -41.508 -14.4597
pos: 21.1719 5.6779 0.445727
vel: 75.8473 44.917 2.94149
acc: -343.909 -57.9892 -15.8934
pos: 21.5467 5.90169 0.46023
vel: 74.0511 44.5873 2.85865
acc: -374.153 -73.7689 -17.2256
pos: 21.9122 6.12364 0.474303
vel: 72.11 44.1805 2.7694
acc: -401.886 -88.858 -18.4588
pos: 22.2676 6.34337 0.487914
vel: 70.0363 43.6999 2.67422
acc: -427.169 -103.268 -19.595
pos: 22.6123 6.56052 0.501036
vel: 67.8422 43.1489 2.5736
acc: -450.064 -117.009 -20.6367
pos: 22.9458 6.77475 0.513642
vel: 65.5395 42.5309 2.46801
acc: -470.635 -130.093 -21.5862
pos: 23.2676 6.98572 0.525708
vel: 63.1397 41.8491 2.35789
acc: -488.942 -142.532 -22.4457
pos: 23.5771 7.19314 0.537214
vel: 60.6538 41.1066 2.2437
acc: -505.049 -154.335 -23.2174
pos: 23.874 7.39669 0.548139
vel: 58.0927 40.3067 2.12586
acc: -519.018 -165.514 -23.9038
pos: 24.1579 7.59611 0.558467
vel: 55.4671 39.4525 2.0048
acc: -530.91 -176.081 -24.5071
pos: 24.4286 7.79113 0.568183
vel: 52.787 38.5469 1.88092
acc: -540.788 -186.046 -25.0296
pos: 24.6857 7.9815 0.577272
vel: 50.0624 37.593 1.75463
acc: -548.715 -195.421 -25.4735
pos: 24.9291 8.16699 0.585725
vel: 47.303 36.5937 1.62631
acc: -554.753 -204.217 -25.8412
pos: 25.1587 8.34737 0.593533
vel: 44.518 35.5518 1.49634
acc: -558.963 -212.444 -26.1349
pos: 25.3743 8.52244 0.600687
vel: 41.7163 34.4702 1.36509
acc: -561.408 -220.114 -26.357
pos: 25.5758 8.69201 0.607182
vel: 38.9067 33.3516 1.23289
acc: -562.151 -227.239 -26.5097
pos: 25.7634 8.8559 0.613015
vel: 36.0975 32.1987 1.1001
acc: -561.254 -233.828 -26.5953
pos: 25.9368 9.01394 0.618183
vel: 33.2968 31.0142 0.967045
acc: -558.778 -239.894 -26.6161
pos: 26.0963 9.16599 0.622685
vel: 30.5123 29.8006 0.834043
acc: -554.787 -245.447 -26.5745
pos: 26.242 9.31191 0.626524
vel: 27.7514 28.5605 0.701401
acc: -549.342 -250.499 -26.4726
pos: 26.3739 9.45156 0.6297
vel: 25.0212 27.2964 0.569414
acc: -542.505 -255.061 -26.3128
pos: 26.4923 9.58483 0.632219
vel: 22.3285 26.0107 0.438366
acc: -534.34 -259.143 -26.0973
pos: 26.5973 9.71163 0.634086
vel: 19.6799 24.7058 0.30853
acc: -524.907 -262.757 -25.8286
pos: 26.6892 9.83186 0.635307
vel: 17.0815 23.3839 0.180166
acc: -514.27 -265.914 -25.5087
pos: 26.7682 9.94545 0.635891
vel: 14.5391 22.0474 0.0535236
acc: -502.491 -268.625 -25.1401
pos: 26.8346 10.0523 0.635846
vel: 12.0583 20.6984 -0.0711584
acc: -489.632 -270.902 -24.7251
pos: 26.8889 10.1524 0.635183
vel: 9.64446 19.3391 -0.193654
acc: -475.755 -272.755 -24.2658
pos: 26.9312 10.2457 0.633913
vel: 7.30239 17.9715 -0.313747
acc: -460.922 -274.196 -23.7647
pos: 26.962 10.3321 0.632049
vel: 5.03673 16.5978 -0.431234
acc: -445.196 -275.235 -23.2239
pos: 26.9817 10.4117 0.629605
vel: 2.85182 15.2198 -0.545924
acc: -428.639 -275.884 -22.6459
pos: 26.9907 10.4843 0.626595
vel: 0.75163 13.8396 -0.657635
acc: -411.313 -276.153 -22.0328
pos: 26.9894 10.5501 0.623034
vel: -1.26013 12.4589 -0.766197
acc: -393.28 -276.055 -21.387
pos: 26.9782 10.6089 0.618939
vel: -3.1801 11.0796 -0.871453
acc: -374.603 -275.6 -20.7107
pos: 26.9577 10.6609 0.614326
vel: -5.00519 9.70346 -0.973257
acc: -355.344 -274.799 -20.0063
pos: 26.9283 10.7059 0.609212
vel: -6.73267 8.33217 -1.07147
acc: -335.565 -273.664 -19.276
pos: 26.8906 10.7442 0.603617
vel: -8.36009 6.96736 -1.16598
acc: -315.329 -272.205 -18.5221
pos: 26.8449 10.7756 0.597559
vel: -9.8853 5.61064 -1.25666
acc: -294.698 -270.434 -17.747
pos: 26.7919 10.8003 0.591057
vel: -11.3065 4.26353 -1.34342
acc: -273.733 -268.361 -16.9528
pos: 26.732 10.8183 0.584131
vel: -12.6222 2.92751 -1.42616
acc: -252.497 -265.998 -16.142
pos: 26.6659 10.8296 0.576802
vel: -13.8311 1.60401 -1.50481
acc: -231.053 -263.357 -15.3167
pos: 26.5939 10.8344 0.56909
vel: -14.9325 0.29439 -1.57931
acc: -209.463 -260.447 -14.4793
pos: 26.5167 10.8326 0.561016
vel: -15.9256 -1.00003 -1.64959
acc: -187.789 -257.281 -13.6321
pos: 26.4348 10.8244 0.552601
vel: -16.8103 -2.27801 -1.71561
acc: -166.093 -253.869 -12.7773
pos: 26.3488 10.8098 0.543867
vel: -17.5866 -3.53833 -1.77735
acc: -144.437 -250.222 -11.9173
pos: 26.2591 10.789 0.534835
vel: -18.2549 -4.77985 -1.83478
acc: -122.884 -246.352 -11.0543
pos: 26.1664 10.7621 0.525526
vel: -18.8157 -6.00149 -1.88789
acc: -101.496 -242.27 -10.1906
pos: 26.0712 10.729 0.515963
vel: -19.2702 -7.20221 -1.93669
acc: -80.3356 -237.986 -9.3285
pos: 25.9739 10.6901 0.506167
vel: -19.6196 -8.38104 -1.98119
acc: -59.4644 -233.513 -8.47032
pos: 25.8751 10.6453 0.496159
vel: -19.8654 -9.53704 -2.0214
acc: -38.9449 -228.86 -7.61834
pos: 25.7754 10.5947 0.48596
vel: -20.0097 -10.6694 -2.05738
acc: -18.8394 -224.04 -6.77484
pos: 25.6752 10.5386 0.475592
vel: -20.0546 -11.7772 -2.08917
acc: 0.789826 -219.063 -5.94211
pos: 25.575 10.477 0.465075
vel: -20.0027 -12.8597 -2.11683
acc: 19.8806 -213.941 -5.12244
pos: 25.4753 10.4101 0.45443
vel: -19.8568 -13.9164 -2.14042
acc: 38.3706 -208.684 -4.31812
pos: 25.3766 10.3379 0.443677
vel: -19.6201 -14.9464 -2.16004
acc: 56.1976 -203.304 -3.53144
pos: 25.2793 10.2606 0.432836
vel: -19.2961 -15.9492 -2.17577
acc: 73.2994 -197.811 -2.76468
pos: 25.1838 10.1785 0.421926
vel: -18.8884 -16.9243 -2.18772
acc: 89.6137 -192.218 -2.02015
pos: 25.0905 10.0915 0.410965
vel: -18.4013 -17.8712 -2.19601
acc: 105.078 -186.534 -1.30013
pos: 25 9.99999 0.399998
vel: -17.8393 -18.7895 -2.20076
acc: 119.631 -180.772 -0.606899
pos: 24.9124 9.90381 0.38899
vel: -17.2068 -19.6788 -2.20212
acc: 133.224 -174.941 0.0578064
pos: 24.828 9.80325 0.377982
vel: -16.5087 -20.5388 -2.20023
acc: 145.864 -169.047 0.693886
pos: 24.7474 9.69847 0.366992
vel: -15.7497 -21.3692 -2.19523
acc: 157.569 -163.094 1.30181
pos: 24.6706 9.58961 0.356035
vel: -14.9345 -22.1697 -2.18726
acc: 168.36 -157.086 1.88205
pos: 24.5981 9.47682 0.345125
vel: -14.0676 -22.94 -2.17646
acc: 178.257 -151.028 2.43506
pos: 24.53 9.36026 0.334275
vel: -13.1534 -23.6799 -2.16295
acc: 187.28 -144.925 2.96133
pos: 24.4667 9.24008 0.323499
vel: -12.1962 -24.3891 -2.14689
acc: 195.449 -138.781 3.46132
pos: 24.4081 9.11642 0.31281
vel: -11.2003 -25.0676 -2.12838
acc: 202.784 -132.6 3.93549
pos: 24.3547 8.98945 0.302219
vel: -10.1697 -25.7151 -2.10757
acc: 209.305 -126.386 4.38433
pos: 24.3065 8.85932 0.291738
vel: -9.10856 -26.3314 -2.08458
acc: 215.032 -120.145 4.80829
pos: 24.2637 8.72619 0.281377
vel: -8.0207 -26.9165 -2.05953
acc: 219.986 -113.88 5.20784
pos: 24.2263 8.59021 0.271146
vel: -6.90996 -27.4702 -2.03254
acc: 224.186 -107.597 5.58346
pos: 24.1946 8.45154 0.261054
vel: -5.78006 -27.9924 -2.00374
acc: 227.653 -101.298 5.93561
pos: 24.1686 8.31034 0.251111
vel: -4.63462 -28.4832 -1.97323
acc: 230.406 -94.9899 6.26477
pos: 24.1483 8.16676 0.241325
vel: -3.47715 -28.9423 -1.94113
acc: 232.466 -88.6756 6.57139
pos: 24.1338 8.02097 0.231703
vel: -2.31108 -29.3699 -1.90755
acc: 233.852 -82.3601 6.85596
pos: 24.1252 7.87311 0.222252
vel: -1.13972 -29.7659 -1.8726
acc: 234.585 -76.0476 7.11893
pos: 24.1224 7.72336 0.212979
vel: 0.033713 -30.1304 -1.8364
acc: 234.685 -69.7427 7.36079
pos: 24.1255 7.57186 0.20389
vel: 1.2061 -30.4634 -1.79903
acc: 234.171 -63.4497 7.58199
pos: 24.1345 7.41878 0.19499
vel: 2.37444 -30.7649 -1.76061
acc: 233.065 -57.173 7.783
pos: 24.1492 7.26426 0.186285
vel: 3.5358 -31.0352 -1.72123
acc: 231.385 -50.9172 7.9643
pos: 24.1698 7.10848 0.177779
vel: 4.68737 -31.2742 -1.681
acc: 229.153 -44.6866 8.12636
pos: 24.1961 6.95157 0.169476
vel: 5.82644 -31.4821 -1.64
acc: 226.388 -38.4857 8.26964
pos: 24.228 6.79371 0.16138
vel: 6.95039 -31.6591 -1.59833
acc: 223.109 -32.3188 8.39461
pos: 24.2656 6.63504 0.153494
vel: 8.05671 -31.8053 -1.55608
acc: 219.338 -26.1905 8.50174
pos: 24.3086 6.47571 0.14582
vel: 9.14299 -31.921 -1.51334
acc: 215.095 -20.105 8.5915
pos: 24.357 6.31588 0.138361
vel: 10.2069 -32.0065 -1.4702
acc: 210.398 -14.067 8.66436
pos: 24.4106 6.15569 0.131119
vel: 11.2463 -32.0618 -1.42673
acc: 205.27 -8.08066 8.72078
pos: 24.4694 5.99531 0.124094
vel: 12.2589 -32.0874 -1.38302
acc: 199.728 -2.15056 8.76125
pos: 24.5331 5.83487 0.117289
vel: 13.2429 -32.0834 -1.33914
acc: 193.794 3.71891 8.78622
pos: 24.6018 5.67452 0.110703
vel: 14.1962 -32.0503 -1.29518
acc: 187.488 9.52332 8.79616
pos: 24.6751 5.51441 0.104337
vel: 15.1172 -31.9883 -1.2512
acc: 180.83 15.2583 8.79155
pos: 24.7529 5.35469 0.098191
vel: 16.004 -31.8978 -1.20729
acc: 173.839 20.9193 8.77285
pos: 24.835 5.19548 0.0922641
vel: 16.855 -31.7792 -1.1635
acc: 166.536 26.502 8.74053
pos: 24.9214 5.03694 0.0865557
vel: 17.6689 -31.6329 -1.1199
acc: 158.941 32.002 8.69506
pos: 25.0117 4.8792 0.0810646
vel: 18.444 -31.4594 -1.07657
acc: 151.074 37.4147 8.63692
pos: 25.1057 4.72239 0.0757895
vel: 19.1792 -31.2589 -1.03355
acc: 142.955 42.7359 8.56656
pos: 25.2034 4.56665 0.0707284
vel: 19.8732 -31.0322 -0.990922
acc: 134.605 47.961 8.48445
pos: 25.3044 4.41211 0.0658795
vel: 20.5249 -30.7795 -0.948729
acc: 126.042 53.0857 8.39108
pos: 25.4086 4.2589 0.0612403
vel: 21.1333 -30.5015 -0.907029
acc: 117.287 58.1055 8.2869
pos: 25.5157 4.10714 0.0568083
vel: 21.6975 -30.1986 -0.865877
acc: 108.361 63.016 8.17238
pos: 25.6255 3.95695 0.0525806
vel: 22.2166 -29.8715 -0.825322
acc: 99.2834 67.8128 8.048
pos: 25.7377 3.80846 0.048554
vel: 22.6901 -29.5207 -0.785413
acc: 90.0741 72.4914 7.91422
pos: 25.8523 3.66179 0.0447253
vel: 23.1172 -29.1468 -0.746195
acc: 80.7532 77.0474 7.77151
pos: 25.9688 3.51703 0.0410908
vel: 23.4975 -28.7504 -0.707712
acc: 71.3409 81.4764 7.62034
pos: 26.0872 3.37432 0.0376469
vel: 23.8305 -28.3322 -0.670005
acc: 61.8573 85.774 7.46118
pos: 26.2071 3.23375 0.0343894
vel: 24.1159 -27.8929 -0.633112
acc: 52.3223 89.9357 7.2945
pos: 26.3283 3.09542 0.0313143
vel: 24.3536 -27.4331 -0.597071
acc: 42.7561 93.9572 7.12077
pos: 26.4505 2.95945 0.0284173
vel: 24.5435 -26.9536 -0.561916
acc: 33.1788 97.8339 6.94045
pos: 26.5736 2.82592 0.0256937
vel: 24.6854 -26.455 -0.527677
acc: 23.6103 101.562 6.75401
pos: 26.6973 2.69493 0.0231389
vel: 24.7796 -25.9382 -0.494385
acc: 14.0708 105.136 6.56193
pos: 26.8213 2.56657 0.0207482
vel: 24.8262 -25.4039 -0.462066
acc: 4.58032 108.552 6.36468
pos: 26.9455 2.44092 0.0185166
vel: 24.8256 -24.853 -0.430746
acc: -4.84105 111.805 6.16271
pos: 27.0695 2.31806 0.016439
vel: 24.778 -24.2862 -0.400446
acc: -14.1733 114.892 5.95651
pos: 27.1932 2.19808 0.0145104
vel: 24.684 -23.7043 -0.371187
acc: -23.3962 117.808 5.74654
pos: 27.3163 2.08104 0.0127254
vel: 24.5442 -23.1084 -0.342986
acc: -32.4899 120.548 5.53326
pos: 27.4385 1.96702 0.0110787
vel: 24.3594 -22.4992 -0.315859
acc: -41.4342 123.107 5.31716
pos: 27.5598 1.85607 0.00956499
vel: 24.1302 -21.8776 -0.289819
acc: -50.2091 125.483 5.09869
pos: 27.6798 1.74826 0.00817871
vel: 23.8576 -21.2447 -0.264876
acc: -58.7945 127.669 4.87832
pos: 27.7983 1.64364 0.00691439
vel: 23.5426 -20.6012 -0.241038
acc: -67.1704 129.662 4.65653
pos: 27.9151 1.54226 0.00576648
vel: 23.1863 -19.9484 -0.218312
acc: -75.3166 131.457 4.43379
pos: 28.0301 1.44417 0.00472941
vel: 22.7898 -19.287 -0.196701
acc: -83.2131 133.05 4.21055
pos: 28.143 1.34941 0.00379761
vel: 22.3546 -18.6182 -0.176206
acc: -90.8398 134.436 3.9873
pos: 28.2536 1.258 0.00296549
vel: 21.8819 -17.943 -0.156827
acc: -98.1768 135.611 3.7645
pos: 28.3617 1.16999 0.00222749
vel: 21.3733 -17.2625 -0.13856
acc: -105.204 136.571 3.54262
pos: 28.4672 1.08538 0.00157805
vel: 20.8304 -16.5777 -0.121399
acc: -111.901 137.31 3.32213
pos: 28.57 1.00421 0.00101167
vel: 20.2549 -15.8897 -0.105335
acc: -118.248 137.826 3.10349
pos: 28.6697 0.92649 0.000522884
vel: 19.6486 -15.1998 -0.0903597
acc: -124.225 138.112 2.88718
pos: 28.7664 0.852218 0.000106283
vel: 19.0133 -14.509 -0.0764588
acc: -129.812 138.165 2.67367
pos: 28.8598 0.781399 -0.00024347
vel: 18.3511 -13.8185 -0.0636176
acc: -134.988 137.981 2.46342
pos: 28.9499 0.71403 -0.00053163
vel: 17.6641 -13.1296 -0.0518184
acc: -139.734 137.555 2.25691
pos: 29.0364 0.650099 -0.000763358
vel: 16.9545 -12.4434 -0.0410415
acc: -144.03 136.882 2.05459
pos: 29.1194 0.589589 -0.000943712
vel: 16.2246 -11.7612 -0.0312647
acc: -147.856 135.958 1.85695
pos: 29.1987 0.532478 -0.00107763
vel: 15.4768 -11.0842 -0.0224634
acc: -151.191 134.779 1.66445
pos: 29.2741 0.478736 -0.00116993
vel: 14.7136 -10.4138 -0.0146108
acc: -154.015 133.34 1.47756
pos: 29.3458 0.428327 -0.00122527
vel: 13.9375 -9.75129 -0.0076777
acc: -156.309 131.637 1.29674
pos: 29.4135 0.381208 -0.00124818
vel: 13.1514 -9.09792 -0.00163247
acc: -158.052 129.665 1.12248
pos: 29.4773 0.33733 -0.00124302
vel: 12.358 -8.4551 0.00355877
acc: -159.225 127.42 0.955227
pos: 29.5371 0.296637 -0.00121396
vel: 11.5601 -7.82418 0.00793228
acc: -159.806 124.898 0.795462
pos: 29.5929 0.259066 -0.001165
vel: 10.7609 -7.20659 0.0115267
acc: -159.777 122.094 0.643651
pos: 29.6447 0.224546 -0.00109992
vel: 9.96341 -6.60372 0.0143828
acc: -159.116 119.003 0.500263
pos: 29.6925 0.193002 -0.00102233
vel: 9.17083 -6.01704 0.0165441
acc: -157.805 115.622 0.365767
pos: 29.7364 0.164347 -0.000935565
vel: 8.38648 -5.44799 0.0180561
acc: -155.823 111.946 0.240632
pos: 29.7764 0.13849 -0.000842767
vel: 7.61376 -4.89807 0.0189668
acc: -153.149 107.97 0.125326
pos: 29.8126 0.115332 -0.000746815
vel: 6.85617 -4.3688 0.0193265
acc: -149.764 103.69 0.0203202
pos: 29.845 0.0947649 -0.000650333
vel: 6.11733 -3.86169 0.0191879
acc: -145.648 99.1017 -0.073918
pos: 29.8738 0.0766751 -0.000555675
vel: 5.40094 -3.3783 0.0186061
acc: -140.781 94.2005 -0.156919
pos: 29.899 0.0609397 -0.000464915
vel: 4.71081 -2.92021 0.0176383
acc: -135.142 88.982 -0.228215
pos: 29.9209 0.0474282 -0.000379836
vel: 4.05085 -2.48902 0.0163442
acc: -128.711 83.4417 -0.287336
pos: 29.9396 0.036002 -0.000301913
vel: 3.42505 -2.08634 0.014786
acc: -121.469 77.5753 -0.333813
pos: 29.9552 0.0265146 -0.000232309
vel: 2.83754 -1.71382 0.0130279
acc: -113.396 71.3783 -0.367177
pos: 29.9681 0.0188108 -0.000171856
vel: 2.29251 -1.37311 0.0111368
acc: -104.471 64.8464 -0.386959
pos: 29.9782 0.0127276 -0.000121047
vel: 1.79428 -1.06592 0.00918177
acc: -94.6737 57.975 -0.392691
pos: 29.9861 0.00809298 -8.00259e-05
vel: 1.34726 -0.793936 0.00723414
acc: -83.9849 50.7598 -0.383903
pos: 29.9918 0.00472664 -4.85708e-05
vel: 0.955954 -0.5589 0.00536773
acc: -72.3842 43.1963 -0.360126
pos: 29.9957 0.00243949 -2.60866e-05
vel: 0.624972 -0.362561 0.00365864
acc: -59.8515 35.2801 -0.320892
pos: 29.9982 0.00103359 -1.15915e-05
vel: 0.359026 -0.206693 0.00218535
acc: -46.3668 27.0069 -0.265731
pos: 29.9994 0.000302105 -3.70557e-06
vel: 0.162924 -0.0930947 0.00102865
acc: -31.9101 18.372 -0.194175
pos: 29.9999 2.91621e-05 -6.38863e-07
vel: 0.0415788 -0.0235833 0.000271706
acc: -16.4611 9.3712 -0.105754
pos: 30 -1.02729e-05 -1.79904e-07
vel: 7.27596e-12 4.54747e-13 -3.41061e-13
acc: -7.27596e-11 9.09495e-12 0
