pos: 10 0 2.04889e-18
vel: 1.81652e-17 0 8.89347e-19
acc: 10 0 3.25842e-18
pos: 10 0 7.09288e-07
vel: 0.00956813 0 0.000425309
acc: 13.8234 0 0.169911
pos: 10.0001 0 5.66362e-06
vel: 0.0381942 0 0.00169692
acc: 17.6229 0 0.338505
pos: 10.0004 0 1.90776e-05
vel: 0.0857542 0 0.00380802
acc: 21.3967 0 0.505694
pos: 10.001 0 4.51309e-05
vel: 0.152115 0 0.00675137
acc: 25.143 0 0.671389
pos: 10.002 0 8.79656e-05
vel: 0.237136 0 0.0105193
acc: 28.8602 0 0.835504
pos: 10.0034 0 0.000151684
vel: 0.340665 0 0.0151036
acc: 32.5463 0 0.997952
pos: 10.0054 0 0.000240348
vel: 0.462545 0 0.0204959
acc: 36.1998 0 1.15864
pos: 10.0081 0 0.000357975
vel: 0.602605 0 0.026687
acc: 39.8187 0 1.31749
pos: 10.0115 0 0.000508534
vel: 0.760671 0 0.0336676
acc: 43.4014 0 1.47441
pos: 10.0157 0 0.00069595
vel: 0.936556 0 0.0414277
acc: 46.946 0 1.62931
pos: 10.0209 0 0.000924093
vel: 1.13007 0 0.0499571
acc: 50.4509 0 1.7821
pos: 10.027 0 0.00119679
vel: 1.341 0 0.0592451
acc: 53.9143 0 1.9327
pos: 10.0343 0 0.00151779
vel: 1.56914 0 0.0692804
acc: 57.3343 0 2.08102
pos: 10.0428 0 0.00189082
vel: 1.81426 0 0.0800513
acc: 60.7093 0 2.22697
pos: 10.0525 0 0.00231951
vel: 2.07615 0 0.091546
acc: 64.0374 0 2.37047
pos: 10.0635 0 0.00280746
vel: 2.35456 0 0.103752
acc: 67.317 0 2.51142
pos: 10.0761 0 0.00335819
vel: 2.64924 0 0.116656
acc: 70.5462 0 2.64974
pos: 10.0901 0 0.00397516
vel: 2.95993 0 0.130245
acc: 73.7233 0 2.78534
pos: 10.1057 0 0.00466176
vel: 3.28638 0 0.144504
acc: 76.8466 0 2.91813
pos: 10.123 0 0.0054213
vel: 3.62831 0 0.159421
acc: 79.9142 0 3.04803
pos: 10.142 0 0.00625704
vel: 3.98543 0 0.17498
acc: 82.9244 0 3.17495
pos: 10.1628 0 0.00717214
vel: 4.35745 0 0.191165
acc: 85.8755 0 3.2988
pos: 10.1856 0 0.00816971
vel: 4.74408 0 0.207962
acc: 88.7657 0 3.41949
pos: 10.2103 0 0.00925276
vel: 5.145 0 0.225355
acc: 91.5931 0 3.53693
pos: 10.2371 0 0.0104242
vel: 5.5599 0 0.243326
acc: 94.3562 0 3.65105
pos: 10.2659 0 0.011687
vel: 5.98845 0 0.26186
acc: 97.053 0 3.76175
pos: 10.297 0 0.0130437
vel: 6.43032 0 0.280938
acc: 99.6819 0 3.86894
pos: 10.3302 0 0.0144972
vel: 6.88516 0 0.300543
acc: 102.241 0 3.97253
pos: 10.3658 0 0.01605
vel: 7.35261 0 0.320657
acc: 104.729 0 4.07244
pos: 10.4038 0 0.0177046
vel: 7.83232 0 0.341261
acc: 107.143 0 4.16858
pos: 10.4442 0 0.0194634
vel: 8.32392 0 0.362336
acc: 109.483 0 4.26087
pos: 10.4871 0 0.0213287
vel: 8.82702 0 0.383863
acc: 111.745 0 4.34921
pos: 10.5325 0 0.0233028
vel: 9.34124 0 0.405822
acc: 113.929 0 4.43352
pos: 10.5805 0 0.0253876
vel: 9.86618 0 0.428192
acc: 116.033 0 4.5137
pos: 10.6311 0 0.0275853
vel: 10.4014 0 0.450952
acc: 118.055 0 4.58968
pos: 10.6845 0 0.0298978
vel: 10.9466 0 0.474081
acc: 119.993 0 4.66137
pos: 10.7406 0 0.0323267
vel: 11.5012 0 0.497558
acc: 121.846 0 4.72867
pos: 10.7995 0 0.0348739
vel: 12.0649 0 0.52136
acc: 123.611 0 4.7915
pos: 10.8613 0 0.0375408
vel: 12.6372 0 0.545466
acc: 125.287 0 4.84977
pos: 10.9259 0 0.040329
vel: 13.2176 0 0.56985
acc: 126.872 0 4.9034
pos: 10.9935 0 0.0432398
vel: 13.8058 0 0.594492
acc: 128.364 0 4.95229
pos: 11.064 0 0.0462743
vel: 14.4011 0 0.619365
acc: 129.762 0 4.99637
pos: 11.1375 0 0.0494338
vel: 15.0032 0 0.644447
acc: 131.065 0 5.03553
pos: 11.214 0 0.0527191
vel: 15.6116 0 0.669712
acc: 132.269 0 5.0697
pos: 11.2936 0 0.0561311
vel: 16.2257 0 0.695136
acc: 133.373 0 5.09879
pos: 11.3763 0 0.0596707
vel: 16.8452 0 0.720692
acc: 134.376 0 5.1227
pos: 11.4621 0 0.0633382
vel: 17.4693 0 0.746354
acc: 135.276 0 5.14136
pos: 11.551 0 0.0671343
vel: 18.0977 0 0.772096
acc: 136.071 0 5.15467
pos: 11.6431 0 0.0710593
vel: 18.7299 0 0.797892
acc: 136.759 0 5.16254
pos: 11.7383 0 0.0751133
vel: 19.3651 0 0.823712
acc: 137.339 0 5.1649
pos: 11.8367 0 0.0792964
vel: 20.0031 0 0.849531
acc: 137.808 0 5.16164
pos: 11.9383 0 0.0836086
vel: 20.643 0 0.875319
acc: 138.166 0 5.15269
pos: 12.0432 0 0.0880495
vel: 21.2845 0 0.901049
acc: 138.409 0 5.13796
pos: 12.1512 0 0.0926189
vel: 21.9269 0 0.926689
acc: 138.538 0 5.11735
pos: 12.2624 0 0.0973162
vel: 22.5697 0 0.952212
acc: 138.549 0 5.09079
pos: 12.3769 0 0.102141
vel: 23.2122 0 0.977587
acc: 138.44 0 5.05818
pos: 12.4946 0 0.107092
vel: 23.8539 0 1.00278
acc: 138.212 0 5.01943
pos: 12.6154 0 0.112168
vel: 24.4941 0 1.02777
acc: 137.86 0 4.97446
pos: 12.7395 0 0.117369
vel: 25.1323 0 1.05252
acc: 137.384 0 4.92318
pos: 12.8667 0 0.122693
vel: 25.7678 0 1.07699
acc: 136.783 0 4.86551
pos: 12.9972 0 0.128138
vel: 26.3999 0 1.10116
acc: 136.053 0 4.80135
pos: 13.1307 0 0.133704
vel: 27.0281 0 1.12499
acc: 135.194 0 4.73061
pos: 13.2674 0 0.139388
vel: 27.6516 0 1.14846
acc: 134.203 0 4.65322
pos: 13.4072 0 0.145188
vel: 28.2699 0 1.17152
acc: 133.079 0 4.56908
pos: 13.5501 0 0.151102
vel: 28.8822 0 1.19414
acc: 131.82 0 4.47811
pos: 13.6961 0 0.157129
vel: 29.4879 0 1.21629
acc: 130.425 0 4.38021
pos: 13.845 0 0.163264
vel: 30.0862 0 1.23793
acc: 128.891 0 4.2753
pos: 13.9969 0 0.169507
vel: 30.6766 0 1.25903
acc: 127.218 0 4.1633
pos: 14.1517 0 0.175854
vel: 31.2582 0 1.27955
acc: 125.402 0 4.04411
pos: 14.3095 0 0.182301
vel: 31.8303 0 1.29946
acc: 123.442 0 3.91765
pos: 14.47 0 0.188847
vel: 32.3923 0 1.31871
acc: 121.337 0 3.78382
pos: 14.6334 0 0.195487
vel: 32.9435 0 1.33728
acc: 119.085 0 3.64255
pos: 14.7994 0 0.202219
vel: 33.4829 0 1.35513
acc: 116.684 0 3.49375
pos: 14.9682 0 0.209037
vel: 34.01 0 1.37221
acc: 114.132 0 3.33732
pos: 15.1395 0 0.215939
vel: 34.524 0 1.38849
acc: 111.427 0 3.17318
pos: 15.3134 0 0.222921
vel: 35.0241 0 1.40392
acc: 108.569 0 3.00124
pos: 15.4897 0 0.229977
vel: 35.5094 0 1.41848
acc: 105.554 0 2.82141
pos: 15.6685 0 0.237104
vel: 35.9793 0 1.43213
acc: 102.382 0 2.63361
pos: 15.8495 0 0.244297
vel: 36.433 0 1.44481
acc: 99.0495 0 2.43775
pos: 16.0328 0 0.25155
vel: 36.8696 0 1.45649
acc: 95.5561 0 2.23375
pos: 16.2182 0 0.25886
vel: 37.2883 0 1.46713
acc: 91.8997 0 2.0215
pos: 16.4056 0 0.26622
vel: 37.6883 0 1.47669
acc: 88.0785 0 1.80093
pos: 16.595 0 0.273625
vel: 38.0688 0 1.48513
acc: 84.0906 0 1.57195
pos: 16.7863 0 0.281069
vel: 38.4289 0 1.4924
acc: 79.9344 0 1.33448
pos: 16.9793 0 0.288547
vel: 38.7678 0 1.49846
acc: 75.6081 0 1.08841
pos: 17.1739 0 0.296052
vel: 39.0847 0 1.50327
acc: 71.11 0 0.833672
pos: 17.3701 0 0.303577
vel: 39.3786 0 1.50678
acc: 66.4381 0 0.570171
pos: 17.5677 0 0.311117
vel: 39.6488 0 1.50895
acc: 61.5909 0 0.297821
pos: 17.7665 0 0.318665
vel: 39.8943 0 1.50974
acc: 56.5666 0 0.016535
pos: 17.9666 0 0.326212
vel: 40.1142 0 1.5091
acc: 51.3633 0 -0.273776
pos: 18.1676 0 0.333753
vel: 40.3076 0 1.50699
acc: 45.9793 0 -0.573199
pos: 18.3696 0 0.34128
vel: 40.4737 0 1.50336
acc: 40.4129 0 -0.881821
pos: 18.5723 0 0.348784
vel: 40.6114 0 1.49816
acc: 34.6623 0 -1.19973
pos: 18.7757 0 0.356259
vel: 40.72 0 1.49134
acc: 28.7257 0 -1.52701
pos: 18.9795 0 0.363695
vel: 40.7984 0 1.48287
acc: 22.6014 0 -1.86376
pos: 19.1836 0 0.371084
vel: 40.8457 0 1.47269
acc: 16.2876 0 -2.21006
pos: 19.3879 0 0.378419
vel: 40.8609 0 1.46075
acc: 9.78251 0 -2.56599
pos: 19.5921 0 0.385689
vel: 40.8432 0 1.44701
acc: 3.08445 0 -2.93165
pos: 19.7962 0 0.392886
vel: 40.7914 0 1.43142
acc: -3.80839 0 -3.30712
pos: 20 0 0.4
vel: 40.7048 0 1.41393
acc: 16.7376 0 -1.8563
pos: 20.2033 0 0.407023
vel: 40.5994 0 1.39543
acc: 16.3889 0 -1.87031
pos: 20.406 0 0.413954
vel: 40.4923 0 1.37686
acc: 16.0477 0 -1.8836
pos: 20.6082 0 0.420792
vel: 40.3835 0 1.35823
acc: 15.7142 0 -1.89614
pos: 20.8098 0 0.427536
vel: 40.2731 0 1.33954
acc: 15.3883 0 -1.90794
pos: 21.0109 0 0.434187
vel: 40.1611 0 1.32079
acc: 15.0703 0 -1.91897
pos: 21.2114 0 0.440744
vel: 40.0475 0 1.30199
acc: 14.7602 0 -1.92924
pos: 21.4114 0 0.447207
vel: 39.9323 0 1.28314
acc: 14.4582 0 -1.93873
pos: 21.6108 0 0.453575
vel: 39.8157 0 1.26424
acc: 14.1644 0 -1.94743
pos: 21.8095 0 0.459849
vel: 39.6976 0 1.2453
acc: 13.8789 0 -1.95534
pos: 22.0077 0 0.466028
vel: 39.5782 0 1.22633
acc: 13.6018 0 -1.96245
pos: 22.2053 0 0.472113
vel: 39.4573 0 1.20732
acc: 13.3333 0 -1.96874
pos: 22.4023 0 0.478102
vel: 39.3351 0 1.18828
acc: 13.0734 0 -1.97421
pos: 22.5987 0 0.483995
vel: 39.2117 0 1.16922
acc: 12.8222 0 -1.97884
pos: 22.7944 0 0.489794
vel: 39.087 0 1.15013
acc: 12.5799 0 -1.98264
pos: 22.9895 0 0.495497
vel: 38.9612 0 1.13103
acc: 12.3466 0 -1.98559
pos: 23.184 0 0.501104
vel: 38.8342 0 1.11191
acc: 12.1225 0 -1.98767
pos: 23.3779 0 0.506616
vel: 38.7061 0 1.09279
acc: 11.9075 0 -1.98889
pos: 23.5711 0 0.512032
vel: 38.5769 0 1.07366
acc: 11.7019 0 -1.98923
pos: 23.7636 0 0.517352
vel: 38.4467 0 1.05454
acc: 11.5058 0 -1.98869
pos: 23.9555 0 0.522577
vel: 38.3156 0 1.03542
acc: 11.3192 0 -1.98725
pos: 24.1468 0 0.527707
vel: 38.1836 0 1.01631
acc: 11.1423 0 -1.98491
pos: 24.3374 0 0.53274
vel: 38.0507 0 0.997207
acc: 10.9752 0 -1.98165
pos: 24.5273 0 0.537679
vel: 37.917 0 0.978128
acc: 10.818 0 -1.97747
pos: 24.7165 0 0.542522
vel: 37.7825 0 0.959072
acc: 10.6709 0 -1.97235
pos: 24.9051 0 0.547269
vel: 37.6474 0 0.940044
acc: 10.5339 0 -1.9663
pos: 25.093 0 0.551922
vel: 37.5116 0 0.921049
acc: 10.4072 0 -1.95929
pos: 25.2802 0 0.55648
vel: 37.3751 0 0.902091
acc: 10.2909 0 -1.95133
pos: 25.4668 0 0.560943
vel: 37.2381 0 0.883175
acc: 10.185 0 -1.9424
pos: 25.6526 0 0.565312
vel: 37.1006 0 0.864307
acc: 10.0898 0 -1.93249
pos: 25.8378 0 0.569586
vel: 36.9627 0 0.84549
acc: 10.0053 0 -1.92159
pos: 26.0222 0 0.573767
vel: 36.8243 0 0.826731
acc: 9.93159 0 -1.9097
pos: 26.206 0 0.577854
vel: 36.6857 0 0.808033
acc: 9.86888 0 -1.89681
pos: 26.3891 0 0.581847
vel: 36.5467 0 0.789402
acc: 9.81724 0 -1.8829
pos: 26.5715 0 0.585748
vel: 36.4075 0 0.770844
acc: 9.77679 0 -1.86796
pos: 26.7532 0 0.589556
vel: 36.2681 0 0.752362
acc: 9.74764 0 -1.852
pos: 26.9342 0 0.593272
vel: 36.1286 0 0.733964
acc: 9.72992 0 -1.83499
pos: 27.1145 0 0.596896
vel: 35.9891 0 0.715652
acc: 9.72373 0 -1.81693
pos: 27.2941 0 0.600428
vel: 35.8495 0 0.697434
acc: 9.72919 0 -1.79782
pos: 27.473 0 0.60387
vel: 35.7101 0 0.679314
acc: 9.74642 0 -1.77763
pos: 27.6512 0 0.607222
vel: 35.5707 0 0.661298
acc: 9.77553 0 -1.75637
pos: 27.8287 0 0.610483
vel: 35.4315 0 0.64339
acc: 9.81663 0 -1.73402
pos: 28.0055 0 0.613656
vel: 35.2925 0 0.625597
acc: 9.86985 0 -1.71057
pos: 28.1816 0 0.616739
vel: 35.1538 0 0.607924
acc: 9.9353 0 -1.68602
pos: 28.357 0 0.619735
vel: 35.0155 0 0.590377
acc: 10.0131 0 -1.66036
pos: 28.5317 0 0.622643
vel: 34.8776 0 0.572961
acc: 10.1033 0 -1.63357
pos: 28.7058 0 0.625465
vel: 34.7402 0 0.555681
acc: 10.2062 0 -1.60565
pos: 28.8792 0 0.6282
vel: 34.6034 0 0.538544
acc: 10.3217 0 -1.57658
pos: 29.0518 0 0.630851
vel: 34.4671 0 0.521555
acc: 10.45 0 -1.54637
pos: 29.2238 0 0.633416
vel: 34.3315 0 0.504721
acc: 10.5913 0 -1.515
pos: 29.3951 0 0.635898
vel: 34.1967 0 0.488045
acc: 10.7455 0 -1.48246
pos: 29.5658 0 0.638297
vel: 34.0627 0 0.471536
acc: 10.913 0 -1.44874
pos: 29.7358 0 0.640614
vel: 33.9295 0 0.455198
acc: 11.0937 0 -1.41383
pos: 29.9051 0 0.642849
vel: 33.7973 0 0.439038
acc: 11.2878 0 -1.37773
pos: 30.0737 0 0.645004
vel: 33.666 0 0.423061
acc: 11.4954 0 -1.34042
pos: 30.2418 0 0.64708
vel: 33.5359 0 0.407274
acc: 11.7166 0 -1.3019
pos: 30.4091 0 0.649078
vel: 33.4069 0 0.391682
acc: 11.9515 0 -1.26216
pos: 30.5758 0 0.650997
vel: 33.2791 0 0.376292
acc: 12.2003 0 -1.22118
pos: 30.7419 0 0.652841
vel: 33.1525 0 0.36111
acc: 12.463 0 -1.17896
pos: 30.9073 0 0.654609
vel: 33.0274 0 0.346143
acc: 12.7398 0 -1.13549
pos: 31.0722 0 0.656303
vel: 32.9036 0 0.331395
acc: 13.0308 0 -1.09076
pos: 31.2364 0 0.657923
vel: 32.7814 0 0.316875
acc: 13.3362 0 -1.04476
pos: 31.4 0 0.659472
vel: 32.6606 0 0.302588
acc: 13.6559 0 -0.997481
pos: 31.563 0 0.660949
vel: 32.5416 0 0.288541
acc: 13.9902 0 -0.948916
pos: 31.7254 0 0.662358
vel: 32.4242 0 0.274739
acc: 14.3391 0 -0.899055
pos: 31.8872 0 0.663697
vel: 32.3086 0 0.26119
acc: 14.7028 0 -0.847888
pos: 32.0485 0 0.66497
vel: 32.1949 0 0.247901
acc: 15.0814 0 -0.795407
pos: 32.2092 0 0.666177
vel: 32.0831 0 0.234876
acc: 15.475 0 -0.741602
pos: 32.3693 0 0.667319
vel: 31.9733 0 0.222125
acc: 15.8837 0 -0.686464
pos: 32.5289 0 0.668398
vel: 31.8656 0 0.209652
acc: 16.3076 0 -0.629984
pos: 32.688 0 0.669416
vel: 31.7601 0 0.197465
acc: 16.7469 0 -0.572153
pos: 32.8465 0 0.670374
vel: 31.6568 0 0.185571
acc: 17.2017 0 -0.512962
pos: 33.0046 0 0.671272
vel: 31.5558 0 0.173976
acc: 17.672 0 -0.452402
pos: 33.1621 0 0.672114
vel: 31.4572 0 0.162687
acc: 18.158 0 -0.390463
pos: 33.3191 0 0.6729
vel: 31.361 0 0.151712
acc: 18.6599 0 -0.327137
pos: 33.4757 0 0.673631
vel: 31.2674 0 0.141056
acc: 19.1776 0 -0.262415
pos: 33.6318 0 0.674311
vel: 31.1765 0 0.130728
acc: 19.7114 0 -0.196286
pos: 33.7875 0 0.674939
vel: 31.0882 0 0.120734
acc: 20.2614 0 -0.128743
pos: 33.9427 0 0.675519
vel: 31.0028 0 0.111081
acc: 20.8276 0 -0.0597761
pos: 34.0975 0 0.676051
vel: 30.9202 0 0.101776
acc: 21.4102 0 0.010624
pos: 34.2519 0 0.676537
vel: 30.8405 0 0.0928276
acc: 22.0094 0 0.0824663
pos: 34.4059 0 0.67698
vel: 30.7639 0 0.0842416
acc: 22.6251 0 0.15576
pos: 34.5596 0 0.67738
vel: 30.6905 0 0.0760257
acc: 23.2576 0 0.230514
pos: 34.7128 0 0.67774
vel: 30.6202 0 0.0681873
acc: 23.9069 0 0.306737
pos: 34.8658 0 0.678063
vel: 30.5532 0 0.0607336
acc: 24.5732 0 0.384439
pos: 35.0184 0 0.678348
vel: 30.4896 0 0.0536722
acc: 25.2566 0 0.463629
pos: 35.1707 0 0.6786
vel: 30.4295 0 0.0470105
acc: 25.9571 0 0.544315
pos: 35.3227 0 0.678819
vel: 30.3729 0 0.0407559
acc: 26.675 0 0.626508
pos: 35.4744 0 0.679008
vel: 30.3199 0 0.0349161
acc: 27.4103 0 0.710215
pos: 35.6259 0 0.679169
vel: 30.2706 0 0.0294987
acc: 28.1632 0 0.795447
pos: 35.7771 0 0.679304
vel: 30.2252 0 0.0245112
acc: 28.9337 0 0.882212
pos: 35.9281 0 0.679415
vel: 30.1836 0 0.0199614
acc: 29.7219 0 0.970519
pos: 36.079 0 0.679504
vel: 30.1461 0 0.015857
acc: 30.5281 0 1.06038
pos: 36.2296 0 0.679574
vel: 30.1126 0 0.0122058
acc: 31.3523 0 1.1518
pos: 36.3801 0 0.679627
vel: 30.0833 0 0.00901568
acc: 32.1946 0 1.24479
pos: 36.5304 0 0.679665
vel: 30.0582 0 0.0062944
acc: 33.0551 0 1.33935
pos: 36.6807 0 0.679691
vel: 30.0375 0 0.00404992
acc: 33.934 0 1.43551
pos: 36.8308 0 0.679707
vel: 30.0212 0 0.00229021
acc: 34.8314 0 1.53326
pos: 36.9809 0 0.679715
vel: 30.0095 0 0.00102328
acc: 35.7473 0 1.63262
pos: 37.1309 0 0.679718
vel: 30.0024 0 0.000257175
acc: 36.6819 0 1.7336
