pos: 10 0 1.7743e-07
vel: 2.83492e-08 0 5.61735e-08
acc: 5.82329e-09 0 1.15254e-08
pos: 10 0 2.81115e-06
vel: 0.0148504 0 0.00157349
acc: 5.9103 0 0.624084
pos: 10.0002 0 2.09814e-05
vel: 0.058806 0 0.00618842
acc: 11.6424 0 1.21668
pos: 10.0007 0 6.95041e-05
vel: 0.13098 0 0.0136887
acc: 17.1981 0 1.7783
pos: 10.0016 0 0.000162421
vel: 0.230496 0 0.0239207
acc: 22.5792 0 2.30946
pos: 10.003 0 0.000313012
vel: 0.356484 0 0.0367333
acc: 27.7875 0 2.81066
pos: 10.0052 0 0.000533808
vel: 0.508086 0 0.0519782
acc: 32.8248 0 3.28243
pos: 10.0081 0 0.000836604
vel: 0.68445 0 0.0695094
acc: 37.6929 0 3.72526
pos: 10.012 0 0.00123247
vel: 0.884736 0 0.0891835
acc: 42.3936 0 4.13968
pos: 10.017 0 0.00173178
vel: 1.10811 0 0.11086
acc: 46.9287 0 4.5262
pos: 10.0232 0 0.00234418
vel: 1.35375 0 0.1344
acc: 51.3 0 4.88533
pos: 10.0306 0 0.00307865
vel: 1.62084 0 0.159668
acc: 55.5093 0 5.21757
pos: 10.0394 0 0.00394352
vel: 1.90858 0 0.186532
acc: 59.5584 0 5.52345
pos: 10.0497 0 0.00494641
vel: 2.21616 0 0.21486
acc: 63.4491 0 5.80347
pos: 10.0616 0 0.00609434
vel: 2.54281 0 0.244524
acc: 67.1832 0 6.05814
pos: 10.0752 0 0.00739367
vel: 2.88773 0 0.2754
acc: 70.7625 0 6.28799
pos: 10.0905 0 0.00885015
vel: 3.25018 0 0.307363
acc: 74.1888 0 6.49351
pos: 10.1077 0 0.0104689
vel: 3.62937 0 0.340295
acc: 77.4639 0 6.67523
pos: 10.1268 0 0.0122545
vel: 4.02457 0 0.374077
acc: 80.5896 0 6.83365
pos: 10.148 0 0.0142109
vel: 4.43502 0 0.408594
acc: 83.5677 0 6.96929
pos: 10.1712 0 0.0163415
vel: 4.86 0 0.443733
acc: 86.4 0 7.08265
pos: 10.1966 0 0.0186491
vel: 5.29878 0 0.479384
acc: 89.0883 0 7.17426
pos: 10.2242 0 0.021136
vel: 5.75065 0 0.51544
acc: 91.6344 0 7.24462
pos: 10.2541 0 0.023804
vel: 6.21489 0 0.551796
acc: 94.0401 0 7.29424
pos: 10.2864 0 0.0266543
vel: 6.69082 0 0.588349
acc: 96.3072 0 7.32364
pos: 10.321 0 0.0296876
vel: 7.17773 0 0.624999
acc: 98.4375 0 7.33332
pos: 10.3582 0 0.0329043
vel: 7.67497 0 0.66165
acc: 100.433 0 7.32381
pos: 10.3978 0 0.036304
vel: 8.18184 0 0.698206
acc: 102.295 0 7.2956
pos: 10.44 0 0.039886
vel: 8.6977 0 0.734575
acc: 104.026 0 7.24922
pos: 10.4848 0 0.0436493
vel: 9.22188 0 0.770669
acc: 105.627 0 7.18518
pos: 10.5322 0 0.0475921
vel: 9.75375 0 0.806399
acc: 107.1 0 7.10399
pos: 10.5824 0 0.0517125
vel: 10.2927 0 0.841681
acc: 108.447 0 7.00615
pos: 10.6352 0 0.056008
vel: 10.838 0 0.876433
acc: 109.67 0 6.89219
pos: 10.6907 0 0.0604758
vel: 11.3892 0 0.910577
acc: 110.771 0 6.76261
pos: 10.7491 0 0.0651127
vel: 11.9455 0 0.944034
acc: 111.751 0 6.61793
pos: 10.8102 0 0.0699149
vel: 12.5065 0 0.976732
acc: 112.612 0 6.45866
pos: 10.8741 0 0.0748786
vel: 13.0715 0 1.0086
acc: 113.357 0 6.2853
pos: 10.9409 0 0.0799994
vel: 13.6399 0 1.03956
acc: 113.986 0 6.09838
pos: 11.0106 0 0.0852726
vel: 14.2111 0 1.06956
acc: 114.502 0 5.8984
pos: 11.083 0 0.0906933
vel: 14.7847 0 1.09853
acc: 114.906 0 5.68588
pos: 11.1584 0 0.096256
vel: 15.36 0 1.1264
acc: 115.2 0 5.46132
pos: 11.2366 0 0.101955
vel: 15.9365 0 1.15312
acc: 115.386 0 5.22525
pos: 11.3178 0 0.107785
vel: 16.5137 0 1.17863
acc: 115.466 0 4.97817
pos: 11.4018 0 0.11374
vel: 17.091 0 1.20288
acc: 115.442 0 4.72059
pos: 11.4887 0 0.119812
vel: 17.6679 0 1.22582
acc: 115.315 0 4.45303
pos: 11.5785 0 0.125995
vel: 18.244 0 1.2474
acc: 115.087 0 4.17599
pos: 11.6711 0 0.132283
vel: 18.8186 0 1.26757
acc: 114.761 0 3.89
pos: 11.7666 0 0.138669
vel: 19.3914 0 1.28628
acc: 114.337 0 3.59556
pos: 11.865 0 0.145144
vel: 19.9619 0 1.30351
acc: 113.818 0 3.29318
pos: 11.9663 0 0.151701
vel: 20.5294 0 1.3192
acc: 113.205 0 2.98338
pos: 12.0703 0 0.158333
vel: 21.0937 0 1.33333
acc: 112.5 0 2.66666
pos: 12.1772 0 0.165032
vel: 21.6543 0 1.34586
acc: 111.705 0 2.34355
pos: 12.2868 0 0.171789
vel: 22.2107 0 1.35676
acc: 110.822 0 2.01454
pos: 12.3993 0 0.178597
vel: 22.7624 0 1.366
acc: 109.853 0 1.68017
pos: 12.5145 0 0.185446
vel: 23.309 0 1.37355
acc: 108.799 0 1.34092
pos: 12.6324 0 0.192329
vel: 23.8502 0 1.3794
acc: 107.662 0 0.997331
pos: 12.753 0 0.199237
vel: 24.3855 0 1.38352
acc: 106.445 0 0.649896
pos: 12.8762 0 0.206162
vel: 24.9145 0 1.38589
acc: 105.148 0 0.299134
pos: 13.0021 0 0.213093
vel: 25.4369 0 1.3865
acc: 103.774 0 -0.0544438
pos: 13.1306 0 0.220024
vel: 25.9522 0 1.38534
acc: 102.324 0 -0.410326
pos: 13.2616 0 0.226944
vel: 26.46 0 1.3824
acc: 100.8 0 -0.768
pos: 13.3952 0 0.233845
vel: 26.96 0 1.37766
acc: 99.2043 0 -1.12695
pos: 13.5312 0 0.240717
vel: 27.4519 0 1.37113
acc: 97.5384 0 -1.48668
pos: 13.6697 0 0.247553
vel: 27.9353 0 1.36279
acc: 95.8041 0 -1.84665
pos: 13.8105 0 0.254342
vel: 28.4099 0 1.35266
acc: 94.0032 0 -2.20638
pos: 13.9537 0 0.261077
vel: 28.8752 0 1.34073
acc: 92.1375 0 -2.56533
pos: 14.0993 0 0.267747
vel: 29.3311 0 1.32701
acc: 90.2088 0 -2.923
pos: 14.247 0 0.274344
vel: 29.7772 0 1.3115
acc: 88.2189 0 -3.27889
pos: 14.397 0 0.280859
vel: 30.2132 0 1.29422
acc: 86.1696 0 -3.63246
pos: 14.5492 0 0.287283
vel: 30.6388 0 1.27518
acc: 84.0627 0 -3.98323
pos: 14.7034 0 0.293608
vel: 31.0537 0 1.2544
acc: 81.9 0 -4.33066
pos: 14.8597 0 0.299824
vel: 31.4577 0 1.23188
acc: 79.6833 0 -4.67426
pos: 15.0179 0 0.305924
vel: 31.8505 0 1.20766
acc: 77.4144 0 -5.0135
pos: 15.1782 0 0.311898
vel: 32.2318 0 1.18176
acc: 75.0951 0 -5.34788
pos: 15.3402 0 0.317738
vel: 32.6014 0 1.15419
acc: 72.7272 0 -5.67688
pos: 15.5042 0 0.323437
vel: 32.959 0 1.125
acc: 70.3125 0 -5.99999
pos: 15.6698 0 0.328986
vel: 33.3044 0 1.0942
acc: 67.8528 0 -6.31671
pos: 15.8372 0 0.334377
vel: 33.6374 0 1.06184
acc: 65.3499 0 -6.62651
pos: 16.0062 0 0.339602
vel: 33.9578 0 1.02795
acc: 62.8056 0 -6.92889
pos: 16.1767 0 0.344654
vel: 34.2654 0 0.992567
acc: 60.2217 0 -7.22333
pos: 16.3488 0 0.349525
vel: 34.56 0 0.955732
acc: 57.6 0 -7.50932
pos: 16.5223 0 0.354209
vel: 34.8414 0 0.917488
acc: 54.9423 0 -7.78636
pos: 16.6972 0 0.358698
vel: 35.1094 0 0.877884
acc: 52.2504 0 -8.05392
pos: 16.8734 0 0.362985
vel: 35.3638 0 0.836966
acc: 49.5261 0 -8.3115
pos: 17.0508 0 0.367065
vel: 35.6046 0 0.794786
acc: 46.7712 0 -8.55858
pos: 17.2294 0 0.370931
vel: 35.8315 0 0.751398
acc: 43.9875 0 -8.79465
pos: 17.4091 0 0.374577
vel: 36.0444 0 0.706859
acc: 41.1768 0 -9.01921
pos: 17.5898 0 0.377998
vel: 36.2432 0 0.661226
acc: 38.3409 0 -9.23173
pos: 17.7715 0 0.381188
vel: 36.4278 0 0.614563
acc: 35.4816 0 -9.43171
pos: 17.9541 0 0.384142
vel: 36.598 0 0.566931
acc: 32.6007 0 -9.61863
pos: 18.1375 0 0.386856
vel: 36.7537 0 0.518399
acc: 29.7 0 -9.79199
pos: 18.3216 0 0.389324
vel: 36.895 0 0.469035
acc: 26.7813 0 -9.95126
pos: 18.5064 0 0.391545
vel: 37.0215 0 0.418911
acc: 23.8464 0 -10.0959
pos: 18.6918 0 0.393512
vel: 37.1334 0 0.3681
acc: 20.8971 0 -10.2255
pos: 18.8777 0 0.395225
vel: 37.2305 0 0.316681
acc: 17.9352 0 -10.3395
pos: 19.0641 0 0.396678
vel: 37.3127 0 0.264733
acc: 14.9625 0 -10.4373
pos: 19.2508 0 0.397871
vel: 37.3801 0 0.212336
acc: 11.9808 0 -10.5185
pos: 19.4378 0 0.398801
vel: 37.4325 0 0.159576
acc: 8.99191 0 -10.5826
pos: 19.6251 0 0.399466
vel: 37.47 0 0.10654
acc: 5.99761 0 -10.6289
pos: 19.8125 0 0.399866
vel: 37.4925 0 0.053317
acc: 2.99971 0 -10.6571
pos: 20 0 0.4
vel: 37.5 0 -4.17828e-07
acc: 8.18811e-06 0 -10.6667
pos: 20.1875 0 0.399866
vel: 37.4925 0 -0.0533178
acc: -2.99969 0 -10.6571
pos: 20.3749 0 0.399467
vel: 37.47 0 -0.106541
acc: -5.99759 0 -10.6289
pos: 20.5622 0 0.398801
vel: 37.4325 0 -0.159577
acc: -8.99189 0 -10.5826
pos: 20.7492 0 0.397871
vel: 37.3801 0 -0.212337
acc: -11.9808 0 -10.5185
pos: 20.9359 0 0.396678
vel: 37.3127 0 -0.264733
acc: -14.9625 0 -10.4373
pos: 21.1223 0 0.395225
vel: 37.2305 0 -0.316682
acc: -17.9352 0 -10.3395
pos: 21.3082 0 0.393513
vel: 37.1334 0 -0.368101
acc: -20.8971 0 -10.2255
pos: 21.4936 0 0.391545
vel: 37.0215 0 -0.418911
acc: -23.8464 0 -10.0959
pos: 21.6784 0 0.389325
vel: 36.895 0 -0.469036
acc: -26.7813 0 -9.95126
pos: 21.8625 0 0.386856
vel: 36.7538 0 -0.5184
acc: -29.7 0 -9.79198
pos: 22.0459 0 0.384142
vel: 36.598 0 -0.566932
acc: -32.6007 0 -9.61863
pos: 22.2285 0 0.381188
vel: 36.4278 0 -0.614563
acc: -35.4816 0 -9.43171
pos: 22.4102 0 0.377998
vel: 36.2432 0 -0.661227
acc: -38.3409 0 -9.23173
pos: 22.5909 0 0.374577
vel: 36.0444 0 -0.70686
acc: -41.1768 0 -9.01921
pos: 22.7706 0 0.370931
vel: 35.8315 0 -0.751399
acc: -43.9875 0 -8.79465
pos: 22.9492 0 0.367065
vel: 35.6046 0 -0.794787
acc: -46.7712 0 -8.55858
pos: 23.1266 0 0.362985
vel: 35.3638 0 -0.836967
acc: -49.5261 0 -8.3115
pos: 23.3028 0 0.358698
vel: 35.1094 0 -0.877884
acc: -52.2504 0 -8.05392
pos: 23.4777 0 0.354209
vel: 34.8414 0 -0.917489
acc: -54.9423 0 -7.78635
pos: 23.6512 0 0.349525
vel: 34.56 0 -0.955732
acc: -57.6 0 -7.50932
pos: 23.8233 0 0.344654
vel: 34.2654 0 -0.992567
acc: -60.2217 0 -7.22333
pos: 23.9938 0 0.339602
vel: 33.9578 0 -1.02795
acc: -62.8056 0 -6.92888
pos: 24.1628 0 0.334377
vel: 33.6374 0 -1.06184
acc: -65.3499 0 -6.62651
pos: 24.3302 0 0.328986
vel: 33.3044 0 -1.0942
acc: -67.8528 0 -6.3167
pos: 24.4958 0 0.323437
vel: 32.959 0 -1.125
acc: -70.3125 0 -5.99999
pos: 24.6598 0 0.317739
vel: 32.6014 0 -1.15419
acc: -72.7272 0 -5.67687
pos: 24.8218 0 0.311898
vel: 32.2318 0 -1.18176
acc: -75.0951 0 -5.34787
pos: 24.9821 0 0.305924
vel: 31.8505 0 -1.20766
acc: -77.4144 0 -5.01349
pos: 25.1403 0 0.299824
vel: 31.4577 0 -1.23188
acc: -79.6833 0 -4.67425
pos: 25.2966 0 0.293608
vel: 31.0538 0 -1.2544
acc: -81.9 0 -4.33066
pos: 25.4508 0 0.287283
vel: 30.6388 0 -1.27518
acc: -84.0627 0 -3.98322
pos: 25.603 0 0.280859
vel: 30.2132 0 -1.29423
acc: -86.1696 0 -3.63246
pos: 25.753 0 0.274344
vel: 29.7772 0 -1.3115
acc: -88.2189 0 -3.27888
pos: 25.9007 0 0.267747
vel: 29.3311 0 -1.32701
acc: -90.2088 0 -2.923
pos: 26.0463 0 0.261077
vel: 28.8752 0 -1.34073
acc: -92.1375 0 -2.56533
pos: 26.1895 0 0.254342
vel: 28.4099 0 -1.35266
acc: -94.0032 0 -2.20637
pos: 26.3303 0 0.247553
vel: 27.9353 0 -1.36279
acc: -95.8041 0 -1.84665
pos: 26.4688 0 0.240717
vel: 27.4519 0 -1.37113
acc: -97.5384 0 -1.48667
pos: 26.6048 0 0.233845
vel: 26.96 0 -1.37766
acc: -99.2043 0 -1.12695
pos: 26.7384 0 0.226944
vel: 26.46 0 -1.3824
acc: -100.8 0 -0.767997
pos: 26.8694 0 0.220024
vel: 25.9522 0 -1.38534
acc: -102.324 0 -0.410323
pos: 26.9979 0 0.213093
vel: 25.4369 0 -1.3865
acc: -103.774 0 -0.0544413
pos: 27.1238 0 0.206162
vel: 24.9146 0 -1.38589
acc: -105.148 0 0.299137
pos: 27.247 0 0.199237
vel: 24.3855 0 -1.38352
acc: -106.445 0 0.649899
pos: 27.3676 0 0.192329
vel: 23.8502 0 -1.3794
acc: -107.663 0 0.997333
pos: 27.4855 0 0.185446
vel: 23.309 0 -1.37355
acc: -108.799 0 1.34093
pos: 27.6007 0 0.178597
vel: 22.7624 0 -1.366
acc: -109.853 0 1.68017
pos: 27.7132 0 0.171789
vel: 22.2107 0 -1.35676
acc: -110.822 0 2.01455
pos: 27.8228 0 0.165032
vel: 21.6543 0 -1.34586
acc: -111.705 0 2.34355
pos: 27.9297 0 0.158333
vel: 21.0938 0 -1.33333
acc: -112.5 0 2.66666
pos: 28.0337 0 0.151701
vel: 20.5295 0 -1.3192
acc: -113.205 0 2.98338
pos: 28.135 0 0.145144
vel: 19.9619 0 -1.30351
acc: -113.818 0 3.29318
pos: 28.2334 0 0.138669
vel: 19.3914 0 -1.28628
acc: -114.337 0 3.59556
pos: 28.3289 0 0.132284
vel: 18.8186 0 -1.26757
acc: -114.761 0 3.89
pos: 28.4215 0 0.125995
vel: 18.244 0 -1.2474
acc: -115.088 0 4.17599
pos: 28.5113 0 0.119812
vel: 17.6679 0 -1.22582
acc: -115.315 0 4.45303
pos: 28.5982 0 0.11374
vel: 17.091 0 -1.20288
acc: -115.442 0 4.72059
pos: 28.6822 0 0.107785
vel: 16.5137 0 -1.17863
acc: -115.466 0 4.97817
pos: 28.7634 0 0.101955
vel: 15.9365 0 -1.15312
acc: -115.386 0 5.22525
pos: 28.8416 0 0.096256
vel: 15.36 0 -1.1264
acc: -115.2 0 5.46133
pos: 28.917 0 0.0906933
vel: 14.7847 0 -1.09853
acc: -114.906 0 5.68588
pos: 28.9894 0 0.0852726
vel: 14.2111 0 -1.06956
acc: -114.502 0 5.8984
pos: 29.0591 0 0.0799994
vel: 13.6399 0 -1.03956
acc: -113.986 0 6.09838
pos: 29.1259 0 0.0748786
vel: 13.0715 0 -1.0086
acc: -113.357 0 6.2853
pos: 29.1898 0 0.0699149
vel: 12.5065 0 -0.976732
acc: -112.613 0 6.45866
pos: 29.2509 0 0.0651127
vel: 11.9455 0 -0.944034
acc: -111.751 0 6.61793
pos: 29.3093 0 0.0604758
vel: 11.3892 0 -0.910577
acc: -110.771 0 6.76261
pos: 29.3648 0 0.056008
vel: 10.838 0 -0.876434
acc: -109.67 0 6.89219
pos: 29.4176 0 0.0517125
vel: 10.2927 0 -0.841681
acc: -108.447 0 7.00615
pos: 29.4678 0 0.0475921
vel: 9.75375 0 -0.806399
acc: -107.1 0 7.10399
pos: 29.5152 0 0.0436493
vel: 9.22188 0 -0.770669
acc: -105.627 0 7.18518
pos: 29.56 0 0.039886
vel: 8.6977 0 -0.734576
acc: -104.026 0 7.24923
pos: 29.6022 0 0.036304
vel: 8.18184 0 -0.698206
acc: -102.295 0 7.2956
pos: 29.6418 0 0.0329043
vel: 7.67497 0 -0.66165
acc: -100.433 0 7.32381
pos: 29.679 0 0.0296876
vel: 7.17773 0 -0.624999
acc: -98.4375 0 7.33332
pos: 29.7136 0 0.0266543
vel: 6.69082 0 -0.588349
acc: -96.3072 0 7.32364
pos: 29.7459 0 0.023804
vel: 6.21489 0 -0.551796
acc: -94.0401 0 7.29424
pos: 29.7758 0 0.021136
vel: 5.75065 0 -0.51544
acc: -91.6344 0 7.24462
pos: 29.8034 0 0.0186491
vel: 5.29878 0 -0.479384
acc: -89.0883 0 7.17426
pos: 29.8288 0 0.0163415
vel: 4.86 0 -0.443733
acc: -86.4 0 7.08266
pos: 29.852 0 0.0142109
vel: 4.43502 0 -0.408594
acc: -83.5677 0 6.96929
pos: 29.8732 0 0.0122545
vel: 4.02457 0 -0.374077
acc: -80.5896 0 6.83365
pos: 29.8923 0 0.0104689
vel: 3.62937 0 -0.340295
acc: -77.4639 0 6.67523
pos: 29.9095 0 0.00885015
vel: 3.25018 0 -0.307363
acc: -74.1888 0 6.49351
pos: 29.9248 0 0.00739367
vel: 2.88773 0 -0.2754
acc: -70.7625 0 6.28799
pos: 29.9384 0 0.00609434
vel: 2.54281 0 -0.244524
acc: -67.1832 0 6.05814
pos: 29.9503 0 0.00494641
vel: 2.21616 0 -0.21486
acc: -63.4491 0 5.80347
pos: 29.9606 0 0.00394351
vel: 1.90858 0 -0.186532
acc: -59.5584 0 5.52345
pos: 29.9694 0 0.00307865
vel: 1.62084 0 -0.159668
acc: -55.5093 0 5.21757
pos: 29.9768 0 0.00234417
vel: 1.35375 0 -0.1344
acc: -51.3 0 4.88533
pos: 29.983 0 0.00173177
vel: 1.10811 0 -0.11086
acc: -46.9287 0 4.5262
pos: 29.988 0 0.00123247
vel: 0.884736 0 -0.0891836
acc: -42.3936 0 4.13968
pos: 29.9919 0 0.0008366
vel: 0.68445 0 -0.0695095
acc: -37.6929 0 3.72526
pos: 29.9948 0 0.000533803
vel: 0.508086 0 -0.0519783
acc: -32.8248 0 3.28243
pos: 29.997 0 0.000313007
vel: 0.356484 0 -0.0367334
acc: -27.7875 0 2.81066
pos: 29.9984 0 0.000162415
vel: 0.230496 0 -0.0239207
acc: -22.5792 0 2.30946
pos: 29.9993 0 6.94982e-05
vel: 0.13098 0 -0.0136887
acc: -17.1981 0 1.7783
pos: 29.9998 0 2.09751e-05
vel: 0.0588059 0 -0.00618849
acc: -11.6424 0 1.21668
pos: 30 0 2.80455e-06
vel: 0.0148503 0 -0.00157357
acc: -5.9103 0 0.624084
pos: 30 0 1.70466e-07
vel: -6.48192e-08 0 -1.29146e-07
acc: 6.37283e-09 0 1.27304e-08
