pos: 10 -4.41479e-08 -1.10995e-08
vel: -1.75536e-07 -3.55737e-08 -8.95758e-09
acc: -1.08524e-07 -2.19886e-08 -5.55781e-09
pos: 10.0036 0.00162766 0.000141625
vel: 0.14143 0.0632271 0.00549324
acc: 4.02095 1.80439 0.156341
pos: 10.0515 0.0231622 0.00200282
vel: 0.963527 0.435701 0.0375429
acc: 12.8683 5.87181 0.502659
pos: 10.2288 0.103934 0.00892537
vel: 2.74768 1.25863 0.107441
acc: 22.7337 10.5866 0.892983
pos: 10.6321 0.290151 0.0247291
vel: 5.45654 2.53639 0.214216
acc: 31.0216 14.8163 1.22692
pos: 11.3429 0.623514 0.0527026
vel: 8.8465 4.18145 0.348863
acc: 36.1731 17.8443 1.4431
pos: 12.4123 1.134 0.0949838
vel: 12.5626 6.0526 0.497923
acc: 37.4907 19.3022 1.51272
pos: 13.8533 1.83612 0.152267
vel: 16.2159 7.98639 0.646407
acc: 34.9622 19.1023 1.43295
pos: 15.6412 2.72798 0.223769
vel: 19.4431 9.82182 0.780073
acc: 29.0851 17.3702 1.22044
pos: 17.7178 3.79248 0.307388
vel: 21.9488 11.4183 0.887049
acc: 20.6909 14.3773 0.904803
pos: 20 5 0.4
vel: 23.5303 12.6669 0.958798
acc: 10.7693 10.4731 0.522092
pos: 20 5 0.4
vel: 23.5303 12.6669 0.958798
acc: 10.7693 10.4731 0.522092
pos: 22.3895 6.31179 0.497807
vel: 24.0844 13.4946 0.990439
acc: 0.293948 6.01875 0.108323
pos: 24.7821 7.68359 0.596698
vel: 23.5984 13.863 0.980469
acc: -9.91022 1.33486 -0.305463
pos: 27.0765 9.06876 0.692555
vel: 22.1332 13.763 0.930184
acc: -19.1955 -3.31034 -0.694308
pos: 29.18 10.421 0.781506
vel: 19.8062 13.2096 0.843088
acc: -27.0783 -7.69831 -1.03892
pos: 31.0142 11.6967 0.860116
vel: 16.7755 12.2377 0.724349
acc: -33.2246 -11.6566 -1.32521
pos: 32.5178 12.8563 0.925531
vel: 13.2259 10.897 0.580305
acc: -37.4355 -15.0552 -1.54383
pos: 33.6487 13.8658 0.975569
vel: 9.35569 9.24837 0.418014
acc: -39.6326 -17.8031 -1.68966
pos: 34.3849 14.698 1.00877
vel: 5.36571 7.35996 0.244848
acc: -39.8433 -19.8446 -1.76139
pos: 34.7243 15.3322 1.02442
vel: 1.44936 5.30381 0.0681423
acc: -38.1865 -21.1561 -1.76103
pos: 34.6832 15.7556 1.02252
vel: -2.21579 3.15295 -0.105114
acc: -34.8577 -21.742 -1.69343
pos: 34.2947 15.962 1.00373
vel: -5.475 0.978657 -0.268542
acc: -30.115 -21.6314 -1.56583
pos: 33.606 15.9528 0.969321
vel: -8.20181 -1.15177 -0.416583
acc: -24.264 -20.8747 -1.38736
pos: 32.6753 15.7352 0.921076
vel: -10.3021 -3.17699 -0.54467
acc: -17.6433 -19.5398 -1.16859
pos: 31.5685 15.3227 0.861169
vel: -11.7167 -5.04319 -0.649343
acc: -10.6104 -17.7088 -0.921075
pos: 30.3556 14.7334 0.792065
vel: -12.4225 -6.70528 -0.728328
acc: -3.52651 -15.4739 -0.656844
pos: 29.1072 13.9896 0.716396
vel: -12.4321 -8.12782 -0.780557
acc: 3.25745 -12.9346 -0.387965
pos: 27.8909 13.1167 0.636842
vel: -11.7919 -9.28548 -0.806154
acc: 9.41576 -10.1936 -0.126058
pos: 26.7679 12.1419 0.556013
vel: -10.5794 -10.1632 -0.80636
acc: 14.6623 -7.35322 0.11817
pos: 25.7907 11.0935 0.476343
vel: -8.89765 -10.7561 -0.783422
acc: 18.7653 -4.5123 0.335399
pos: 25 9.99999 0.399999
vel: -6.87002 -11.0687 -0.740435
acc: 21.5615 -1.76218 0.518162
pos: 24.4237 8.88868 0.328797
vel: -4.63192 -11.115 -0.681292
acc: 22.9661 0.796503 0.656296
pos: 24.0759 7.7851 0.264118
vel: -2.32295 -10.9182 -0.610792
acc: 22.989 3.09147 0.74595
pos: 23.957 6.71219 0.206862
vel: -0.0769805 -10.5067 -0.533573
acc: 21.7283 5.0876 0.791511
pos: 24.0544 5.68989 0.157489
vel: 1.98539 -9.91158 -0.453788
acc: 19.3495 6.7579 0.798172
pos: 24.3446 4.73488 0.116069
vel: 3.76289 -9.16658 -0.375042
acc: 16.071 8.08364 0.771737
pos: 24.7949 3.8604 0.082345
vel: 5.17812 -8.3067 -0.300336
acc: 12.1492 9.05438 0.718432
pos: 25.3664 3.07618 0.0557879
vel: 6.18062 -7.36761 -0.232036
acc: 7.8644 9.6681 0.644715
pos: 26.0165 2.38834 0.0356664
vel: 6.74856 -6.38477 -0.171857
acc: 3.5062 9.93123 0.557078
pos: 26.7018 1.79953 0.0211093
vel: 6.88891 -5.39256 -0.120872
acc: -0.641245 9.85876 0.461864
pos: 27.3811 1.30905 0.0111696
vel: 6.63618 -4.42343 -0.0795362
acc: -4.31355 9.47432 0.365071
pos: 28.0179 0.913084 0.00488392
vel: 6.04976 -3.50703 -0.0477281
acc: -7.28069 8.81023 0.272158
pos: 28.5826 0.605019 0.001327
vel: 5.20966 -2.66934 -0.0248164
acc: -9.36154 7.90764 0.18786
pos: 29.0545 0.375872 -0.000340922
vel: 4.211 -1.93179 -0.00974046
acc: -10.4383 6.81654 0.115993
pos: 29.423 0.214782 -0.000836241
vel: 3.15689 -1.31036 -0.00111184
acc: -10.4713 5.59589 0.0592615
pos: 29.6875 0.1096 -0.0007251
vel: 2.1499 -0.81468 0.00266479
acc: -9.5131 4.31365 0.0190685
pos: 29.8576 0.0475662 -0.000409497
vel: 1.28212 -0.447126 0.00325204
acc: -7.7233 3.04692 -0.00467531
pos: 29.9509 0.0160863 -0.000128339
vel: 0.623737 -0.201913 0.00222097
acc: -5.38305 1.88199 -0.0137441
pos: 29.9906 0.00359043 2.46509e-05
vel: 0.210123 -0.0641605 0.000873009
acc: -2.90951 0.914401 -0.011788
pos: 30.0007 0.00049003 6.42775e-05
vel: 0.0275397 -0.00896828 4.27896e-05
acc: -0.870358 0.249056 -0.00452453
pos: 30.0012 0.000226936 5.65367e-05
vel: -0.0026547 -0.000474252 -0.000118138
acc: 0.00161985 0.000281322 7.00771e-05
