pos: 10 -7.40378e-08 -1.6077e-08
vel: -2.27117e-07 -5.97056e-08 -1.29557e-08
acc: -1.40869e-07 -3.70559e-08 -8.03514e-09
pos: 10.0036 0.00162715 0.000141479
vel: 0.141446 0.0632087 0.00548789
acc: 4.02139 1.80389 0.156194
pos: 10.0515 0.0231558 0.00200097
vel: 0.963625 0.435588 0.03751
acc: 12.8695 5.87044 0.502257
pos: 10.2288 0.103909 0.0089179
vel: 2.74792 1.25835 0.107359
acc: 22.7354 10.5847 0.892426
pos: 10.6321 0.290087 0.0247106
vel: 5.45694 2.53592 0.214079
acc: 31.0231 14.8146 1.22642
pos: 11.343 0.623397 0.0526683
vel: 8.84701 4.18086 0.348691
acc: 36.1736 17.8437 1.44293
pos: 12.4124 1.13382 0.0949323
vel: 12.5631 6.05204 0.497759
acc: 37.4895 19.3035 1.51312
pos: 13.8535 1.8359 0.152202
vel: 16.2161 7.98609 0.64632
acc: 34.9588 19.1062 1.43411
pos: 15.6414 2.72775 0.223702
vel: 19.4428 9.82207 0.780145
acc: 29.0791 17.3771 1.22246
pos: 17.7179 3.79232 0.307341
vel: 21.9479 11.4194 0.887366
acc: 20.6824 14.3871 0.907675
pos: 20 5 0.4
vel: 23.5284 12.6691 0.959441
acc: 10.7586 10.4856 0.525709
pos: 20 5 0.4
vel: 23.5284 12.6691 0.959441
acc: 10.7586 10.4856 0.525709
pos: 22.3892 6.31208 0.49789
vel: 24.0813 13.4982 0.991472
acc: 0.281632 6.03302 0.112483
pos: 24.7815 7.6843 0.596906
vel: 23.594 13.8681 0.981935
acc: -9.92333 1.35007 -0.301032
pos: 27.0753 9.07005 0.692932
vel: 22.1275 13.7695 0.932093
acc: -19.2085 -3.29528 -0.689919
pos: 29.1782 10.4231 0.782095
vel: 19.7993 13.2176 0.84542
acc: -27.0901 -7.68454 -1.03491
pos: 31.0117 11.6996 0.860958
vel: 16.7676 12.2469 0.727049
acc: -33.2343 -11.6453 -1.32192
pos: 32.5145 12.8601 0.926657
vel: 13.2171 10.9072 0.583286
acc: -37.4422 -15.0474 -1.54157
pos: 33.6445 13.8708 0.977002
vel: 9.34641 9.25916 0.421156
acc: -39.6353 -17.7998 -1.68872
pos: 34.3798 14.704 1.01052
vel: 5.35638 7.37081 0.248007
acc: -39.8413 -19.8468 -1.76202
pos: 34.7182 15.3393 1.02648
vel: 1.44049 5.31415 0.0711526
acc: -38.1793 -21.1643 -1.76342
pos: 34.6763 15.7636 1.02486
vel: -2.22367 3.16215 -0.102436
acc: -34.845 -21.7566 -1.6977
pos: 34.2871 15.9709 1.00632
vel: -5.48132 0.986063 -0.266387
acc: -30.0966 -21.6527 -1.57204
pos: 33.5978 15.9623 0.972092
vel: -8.20601 -1.14683 -0.415146
acc: -24.2399 -20.9026 -1.3955
pos: 32.6668 15.7451 0.923946
vel: -10.3036 -3.17516 -0.54414
acc: -17.6138 -19.5741 -1.17858
pos: 31.56 15.3325 0.864039
vel: -11.715 -5.04509 -0.649899
acc: -10.5759 -17.7489 -0.932767
pos: 30.3475 14.7428 0.794819
vel: -12.4172 -6.71146 -0.730129
acc: -3.48774 -15.5192 -0.67003
pos: 29.0998 13.9982 0.718902
vel: -12.4226 -8.13875 -0.783742
acc: 3.29973 -12.9842 -0.40238
pos: 27.8847 13.1239 0.638956
vel: -11.7781 -9.30153 -0.810828
acc: 9.46061 -10.2463 -0.141393
pos: 26.7633 12.1472 0.557581
vel: -10.561 -10.1847 -0.8126
acc: 14.7087 -7.40798 0.102254
pos: 25.7881 11.0965 0.477207
vel: -8.87463 -10.7831 -0.791268
acc: 18.8121 -4.56787 0.319258
pos: 25 9.99999 0.399998
vel: -6.84234 -11.1013 -0.749892
acc: 21.6078 -1.81733 0.502152
pos: 24.4267 8.88516 0.327775
vel: -4.60009 -11.1525 -0.692186
acc: 22.9992 0.757111 0.644862
pos: 24.0822 7.77769 0.261965
vel: -2.28917 -10.958 -0.622356
acc: 22.9933 3.08676 0.744567
pos: 23.9666 6.70085 0.203565
vel: -0.0444632 -10.5449 -0.544686
acc: 21.6988 5.12353 0.801911
pos: 24.0671 5.67497 0.153151
vel: 2.01336 -9.94428 -0.463304
acc: 19.289 6.83114 0.819389
pos: 24.3597 4.71711 0.110901
vel: 3.78357 -9.19046 -0.382004
acc: 15.9872 8.18473 0.801033
pos: 24.8116 3.84078 0.0766358
vel: 5.18969 -8.31961 -0.304118
acc: 12.0527 9.17051 0.752096
pos: 25.3838 3.05585 0.0498712
vel: 6.18238 -7.36874 -0.2324
acc: 7.7666 9.78541 0.678738
pos: 26.0336 2.36847 0.0298791
vel: 6.74092 -6.37465 -0.16896
acc: 3.41777 10.0368 0.587706
pos: 26.7178 1.78117 0.0157553
vel: 6.87327 -5.37293 -0.115214
acc: -0.711513 9.94191 0.486025
pos: 27.3952 1.29303 0.00648871
vel: 6.6147 -4.39692 -0.0718763
acc: -4.35966 9.52789 0.380676
pos: 28.0296 0.899921 0.00103136
vel: 6.02499 -3.47679 -0.038979
acc: -7.29994 8.83106 0.278285
pos: 28.5918 0.594929 -0.00163569
vel: 5.1843 -2.63864 -0.0159213
acc: -9.35466 7.89675 0.184803
pos: 29.0613 0.368751 -0.00244308
vel: 4.18748 -1.90357 -0.00155451
acc: -10.4094 6.77893 0.105195
pos: 29.4275 0.210262 -0.00218385
vel: 3.1371 -1.2869 0.00570401
acc: -10.4269 5.53987 0.0431222
pos: 29.6903 0.107127 -0.00147701
vel: 2.13497 -0.797307 0.00772461
acc: -9.46185 4.24973 0.000625482
pos: 29.8592 0.0465125 -0.000747409
vel: 1.27228 -0.436072 0.00648769
acc: -7.67433 2.98628 -0.0221887
pos: 29.9518 0.0158533 -0.000224976
vel: 0.618327 -0.196335 0.00387434
acc: -5.34446 1.83453 -0.0274646
pos: 29.991 0.00370867 3.36209e-05
vel: 0.20782 -0.062388 0.00142557
acc: -2.88643 0.886338 -0.0199126
pos: 30.0011 0.000678835 9.75884e-05
vel: 0.0267443 -0.00900787 6.98923e-05
acc: -0.862694 0.240127 -0.007125
pos: 30.0015 0.000388841 8.58238e-05
vel: -0.00316045 -0.000816657 -0.000180661
acc: 0.00189787 0.000488692 0.000108533
