pos: 10 1.52978e-16 2.23912e-18
vel: -5.48386e-17 2.17883e-17 4.48252e-19
acc: -4.17218e-18 1.64248e-18 4.82137e-20
pos: 10.0005 0.000207282 1.91981e-05
vel: 0.282406 0.123507 0.0114306
acc: 111.23 48.7149 4.5019
pos: 10.0037 0.00162397 0.000150078
vel: 1.09526 0.480373 0.0443266
acc: 212.234 93.3642 8.58838
pos: 10.0122 0.00536654 0.00049483
vel: 2.38826 1.05058 0.0966444
acc: 303.344 134.071 12.2729
pos: 10.0283 0.0124529 0.00114559
vel: 4.11276 1.81472 0.166408
acc: 384.893 170.959 15.5688
pos: 10.054 0.0238056 0.0021848
vel: 6.2218 2.754 0.251707
acc: 457.214 204.15 18.4896
pos: 10.0911 0.0402546 0.00368549
vel: 8.67007 3.85026 0.350701
acc: 520.64 233.768 21.0487
pos: 10.1412 0.0625405 0.00571167
vel: 11.4139 5.08593 0.461614
acc: 575.505 259.935 23.2595
pos: 10.2057 0.0913179 0.00831864
vel: 14.4114 6.44407 0.582738
acc: 622.141 282.776 25.1355
pos: 10.2857 0.127158 0.0115533
vel: 17.6222 7.90835 0.712433
acc: 660.881 302.413 26.69
pos: 10.3822 0.170552 0.0154546
vel: 21.0076 9.46306 0.849125
acc: 692.059 318.969 27.9366
pos: 10.496 0.221914 0.0200537
vel: 24.5307 11.0931 0.991308
acc: 716.007 332.567 28.8886
pos: 10.6276 0.281585 0.0253745
vel: 28.1562 12.784 1.13754
acc: 733.058 343.331 29.5595
pos: 10.7776 0.349833 0.0314336
vel: 31.8504 14.5219 1.28646
acc: 743.546 351.383 29.9626
pos: 10.9462 0.42686 0.0382413
vel: 35.5813 16.2935 1.43675
acc: 747.803 356.846 30.1115
pos: 11.1335 0.512803 0.0458013
vel: 39.3186 18.0863 1.58717
acc: 746.162 359.845 30.0196
pos: 11.3394 0.607737 0.0541113
vel: 43.0336 19.8881 1.73656
acc: 738.957 360.501 29.7002
pos: 11.5637 0.71168 0.0631633
vel: 46.6994 21.6876 1.88382
acc: 726.521 358.937 29.1668
pos: 11.8062 0.824591 0.0729441
vel: 50.2907 23.4739 2.0279
acc: 709.186 355.278 28.4329
pos: 12.0665 0.94638 0.0834354
vel: 53.7837 25.2371 2.16783
acc: 687.285 349.645 27.5118
pos: 12.3439 1.07691 0.0946141
vel: 57.1564 26.9673 2.30272
acc: 661.152 342.163 26.417
pos: 12.6378 1.21598 0.106453
vel: 60.3887 28.6558 2.43174
acc: 631.12 332.954 25.1619
pos: 12.9475 1.36338 0.11892
vel: 63.4617 30.2942 2.5541
acc: 597.521 322.141 23.76
pos: 13.2721 1.51883 0.131982
vel: 66.3585 31.8747 2.66911
acc: 560.688 309.848 22.2247
pos: 13.6108 1.68202 0.145598
vel: 69.0637 33.3904 2.77615
acc: 520.955 296.197 20.5694
pos: 13.9624 1.85261 0.159729
vel: 71.5638 34.8347 2.87463
acc: 478.655 281.311 18.8075
pos: 14.326 2.03024 0.174329
vel: 73.8466 36.2017 2.96407
acc: 434.121 265.314 16.9524
pos: 14.7005 2.21449 0.189354
vel: 75.9018 37.4862 3.04402
acc: 387.685 248.329 15.0177
pos: 15.0847 2.40495 0.204753
vel: 77.7208 38.6835 3.11413
acc: 339.68 230.479 13.0167
pos: 15.4773 2.60118 0.220478
vel: 79.2966 39.7897 3.1741
acc: 290.441 211.887 10.9628
pos: 15.8772 2.80269 0.236477
vel: 80.6237 40.8013 3.22369
acc: 240.299 192.676 8.86951
pos: 16.2831 3.00903 0.252697
vel: 81.6986 41.7156 3.26275
acc: 189.588 172.968 6.75022
pos: 16.6938 3.21968 0.269087
vel: 82.5192 42.5304 3.29118
acc: 138.641 152.888 4.61836
pos: 17.1079 3.43416 0.285591
vel: 83.0852 43.2441 3.30894
acc: 87.7899 132.559 2.48736
pos: 17.5242 3.65196 0.302158
vel: 83.3978 43.8558 3.31607
acc: 37.3691 112.102 0.370649
pos: 17.9414 3.87255 0.318735
vel: 83.4601 44.3651 3.31269
acc: -12.289 91.6426 -1.71834
pos: 18.3584 4.09544 0.335268
vel: 83.2768 44.7724 3.29896
acc: -60.8512 71.3024 -3.76619
pos: 18.7738 4.32011 0.351707
vel: 82.854 45.0786 3.27512
acc: -107.985 51.2049 -5.75946
pos: 19.1865 4.54606 0.368003
vel: 82.1998 45.2851 3.24148
acc: -153.356 31.4731 -7.68473
pos: 19.5954 4.77279 0.384106
vel: 81.3239 45.3941 3.19841
acc: -196.633 12.2301 -9.52857
pos: 19.9997 4.99998 0.399958
vel: 80.2374 45.4083 3.14634
acc: -237.481 -6.40087 -11.2776
pos: 20.3977 5.22687 0.415542
vel: 78.9535 45.3312 3.0858
acc: -275.635 -24.3192 -12.9209
pos: 20.7889 5.45315 0.430803
vel: 77.4856 45.1664 3.01731
acc: -311.09 -41.5136 -14.4582
pos: 21.1723 5.67839 0.445702
vel: 75.847 44.9173 2.94139
acc: -343.909 -57.9952 -15.8918
pos: 21.5471 5.90219 0.460205
vel: 74.0508 44.5876 2.85856
acc: -374.153 -73.7751 -17.224
pos: 21.9126 6.12414 0.474277
vel: 72.1097 44.1807 2.76931
acc: -401.886 -88.8645 -18.457
pos: 22.268 6.34387 0.487888
vel: 70.036 43.7001 2.67415
acc: -427.169 -103.274 -19.5932
pos: 22.6127 6.56102 0.50101
vel: 67.8419 43.1491 2.57354
acc: -450.064 -117.016 -20.6349
pos: 22.9462 6.77525 0.513615
vel: 65.5392 42.531 2.46795
acc: -470.635 -130.101 -21.5843
pos: 23.2679 6.98622 0.525682
vel: 63.1394 41.8491 2.35785
acc: -488.942 -142.539 -22.4438
pos: 23.5775 7.19364 0.537187
vel: 60.6535 41.1067 2.24366
acc: -505.049 -154.342 -23.2155
pos: 23.8744 7.3972 0.548112
vel: 58.0924 40.3067 2.12583
acc: -519.018 -165.522 -23.9019
pos: 24.1583 7.59662 0.55844
vel: 55.4668 39.4525 2.00478
acc: -530.91 -176.089 -24.5051
pos: 24.4289 7.79163 0.568155
vel: 52.7867 38.5469 1.88092
acc: -540.788 -186.054 -25.0276
pos: 24.6861 7.982 0.577245
vel: 50.0621 37.5929 1.75464
acc: -548.715 -195.429 -25.4715
pos: 24.9295 8.16749 0.585698
vel: 47.3027 36.5935 1.62633
acc: -554.753 -204.225 -25.8392
pos: 25.1591 8.34787 0.593506
vel: 44.5177 35.5516 1.49637
acc: -558.963 -212.452 -26.1329
pos: 25.3746 8.52294 0.60066
vel: 41.716 34.4699 1.36512
acc: -561.408 -220.123 -26.355
pos: 25.5762 8.69251 0.607155
vel: 38.9064 33.3513 1.23293
acc: -562.151 -227.247 -26.5077
pos: 25.7637 8.85639 0.612988
vel: 36.0972 32.1984 1.10015
acc: -561.254 -233.836 -26.5934
pos: 25.9372 9.01444 0.618156
vel: 33.2965 31.0138 0.967107
acc: -558.778 -239.902 -26.6143
pos: 26.0967 9.16648 0.622659
vel: 30.512 29.8002 0.834114
acc: -554.787 -245.455 -26.5726
pos: 26.2423 9.31239 0.626498
vel: 27.7511 28.5601 0.701481
acc: -549.342 -250.507 -26.4708
pos: 26.3743 9.45204 0.629675
vel: 25.0209 27.2959 0.569503
acc: -542.505 -255.069 -26.311
pos: 26.4926 9.58532 0.632195
vel: 22.3282 26.0102 0.438463
acc: -534.34 -259.151 -26.0956
pos: 26.5976 9.71211 0.634062
vel: 19.6796 24.7052 0.308635
acc: -524.907 -262.765 -25.8269
pos: 26.6895 9.83234 0.635283
vel: 17.0812 23.3833 0.180279
acc: -514.27 -265.922 -25.5071
pos: 26.7685 9.94592 0.635868
vel: 14.5388 22.0467 0.0536451
acc: -502.491 -268.633 -25.1386
pos: 26.835 10.0528 0.635823
vel: 12.058 20.6977 -0.0710292
acc: -489.632 -270.91 -24.7236
pos: 26.8892 10.1529 0.635161
vel: 9.64416 19.3383 -0.193517
acc: -475.755 -272.762 -24.2644
pos: 26.9315 10.2462 0.633892
vel: 7.30208 17.9708 -0.313603
acc: -460.922 -274.203 -23.7633
pos: 26.9624 10.3326 0.632029
vel: 5.03643 16.597 -0.431084
acc: -445.196 -275.242 -23.2226
pos: 26.982 10.4121 0.629586
vel: 2.85151 15.219 -0.545768
acc: -428.639 -275.891 -22.6447
pos: 26.991 10.4848 0.626576
vel: 0.751327 13.8387 -0.657472
acc: -411.313 -276.16 -22.0316
pos: 26.9897 10.5505 0.623016
vel: -1.26044 12.458 -0.766029
acc: -393.28 -276.062 -21.3859
pos: 26.9786 10.6093 0.618922
vel: -3.1804 11.0787 -0.871281
acc: -374.603 -275.607 -20.7097
pos: 26.9581 10.6613 0.614309
vel: -5.0055 9.70251 -0.973079
acc: -355.344 -274.806 -20.0054
pos: 26.9287 10.7064 0.609197
vel: -6.73297 8.33118 -1.07129
acc: -335.565 -273.67 -19.2751
pos: 26.8909 10.7446 0.603603
vel: -8.36039 6.96635 -1.16579
acc: -315.329 -272.211 -18.5214
pos: 26.8452 10.7761 0.597545
vel: -9.88561 5.60959 -1.25647
acc: -294.698 -270.439 -17.7463
pos: 26.7922 10.8007 0.591044
vel: -11.3068 4.26246 -1.34322
acc: -273.733 -268.367 -16.9522
pos: 26.7323 10.8187 0.58412
vel: -12.6225 2.92641 -1.42596
acc: -252.497 -266.004 -16.1415
pos: 26.6662 10.83 0.576792
vel: -13.8314 1.60289 -1.50461
acc: -231.053 -263.362 -15.3163
pos: 26.5942 10.8348 0.569081
vel: -14.9328 0.293242 -1.57911
acc: -209.463 -260.452 -14.479
pos: 26.517 10.833 0.561008
vel: -15.9259 -1.0012 -1.64939
acc: -187.789 -257.285 -13.6318
pos: 26.4351 10.8248 0.552594
vel: -16.8106 -2.2792 -1.71541
acc: -166.093 -253.873 -12.7771
pos: 26.3491 10.8102 0.543861
vel: -17.5869 -3.53954 -1.77715
acc: -144.437 -250.226 -11.9172
pos: 26.2594 10.7894 0.534829
vel: -18.2552 -4.78109 -1.83458
acc: -122.884 -246.356 -11.0542
pos: 26.1667 10.7624 0.525522
vel: -18.816 -6.00275 -1.88769
acc: -101.496 -242.273 -10.1906
pos: 26.0715 10.7294 0.51596
vel: -19.2705 -7.20348 -1.93649
acc: -80.3356 -237.99 -9.32863
pos: 25.9742 10.6904 0.506164
vel: -19.6199 -8.38232 -1.98098
acc: -59.4644 -233.516 -8.47053
pos: 25.8754 10.6456 0.496157
vel: -19.8657 -9.53834 -2.0212
acc: -38.9449 -228.863 -7.61863
pos: 25.7757 10.5951 0.485959
vel: -20.01 -10.6707 -2.05718
acc: -18.8394 -224.043 -6.7752
pos: 25.6755 10.539 0.475592
vel: -20.0549 -11.7785 -2.08897
acc: 0.789826 -219.066 -5.94254
pos: 25.5753 10.4774 0.465076
vel: -20.003 -12.8611 -2.11663
acc: 19.8806 -213.943 -5.12293
pos: 25.4756 10.4104 0.454433
vel: -19.8571 -13.9177 -2.14023
acc: 38.3706 -208.686 -4.31868
pos: 25.3769 10.3382 0.443681
vel: -19.6204 -14.9477 -2.15985
acc: 56.1976 -203.305 -3.53206
pos: 25.2796 10.261 0.432841
vel: -19.2964 -15.9506 -2.17558
acc: 73.2994 -197.813 -2.76537
pos: 25.1841 10.1788 0.421931
vel: -18.8887 -16.9257 -2.18754
acc: 89.6137 -192.219 -2.02089
pos: 25.0908 10.0918 0.410971
vel: -18.4016 -17.8726 -2.19583
acc: 105.078 -186.535 -1.30092
pos: 25 9.99999 0.400003
vel: -17.8393 -18.7909 -2.20058
acc: 119.631 -180.773 -0.607746
pos: 24.9123 9.9038 0.388995
vel: -17.2068 -19.6802 -2.20195
acc: 133.224 -174.941 0.0568978
pos: 24.828 9.80324 0.377989
vel: -16.5087 -20.5402 -2.20006
acc: 145.864 -169.046 0.692921
pos: 24.7473 9.69845 0.367
vel: -15.7497 -21.3705 -2.19506
acc: 157.569 -163.092 1.30079
pos: 24.6706 9.58958 0.356043
vel: -14.9345 -22.171 -2.1871
acc: 168.36 -157.083 1.88098
pos: 24.5981 9.47679 0.345134
vel: -14.0676 -22.9413 -2.1763
acc: 178.257 -151.025 2.43395
pos: 24.53 9.36022 0.334285
vel: -13.1534 -23.6812 -2.1628
acc: 187.28 -144.921 2.96018
pos: 24.4666 9.24003 0.32351
vel: -12.1962 -24.3904 -2.14674
acc: 195.449 -138.776 3.46013
pos: 24.4081 9.11636 0.312821
vel: -11.2003 -25.0689 -2.12824
acc: 202.784 -132.594 3.93427
pos: 24.3547 8.98939 0.302231
vel: -10.1697 -25.7163 -2.10744
acc: 209.305 -126.38 4.38308
pos: 24.3065 8.85925 0.291751
vel: -9.10856 -26.3326 -2.08445
acc: 215.032 -120.138 4.80701
pos: 24.2636 8.72611 0.28139
vel: -8.0207 -26.9177 -2.05941
acc: 219.986 -113.873 5.20654
pos: 24.2263 8.59013 0.27116
vel: -6.90996 -27.4713 -2.03243
acc: 224.186 -107.588 5.58215
pos: 24.1946 8.45145 0.261069
vel: -5.78006 -27.9935 -2.00363
acc: 227.653 -101.29 5.93428
pos: 24.1685 8.31025 0.251126
vel: -4.63462 -28.4842 -1.97312
acc: 230.406 -94.9807 6.26343
pos: 24.1482 8.16666 0.24134
vel: -3.47715 -28.9433 -1.94103
acc: 232.466 -88.6661 6.57004
pos: 24.1338 8.02087 0.231718
vel: -2.31108 -29.3709 -1.90746
acc: 233.852 -82.3502 6.8546
pos: 24.1251 7.87301 0.222268
vel: -1.13972 -29.7668 -1.87252
acc: 234.585 -76.0375 7.11758
pos: 24.1224 7.72325 0.212995
vel: 0.033713 -30.1312 -1.83632
acc: 234.685 -69.7323 7.35943
pos: 24.1255 7.57175 0.203907
vel: 1.2061 -30.4642 -1.79896
acc: 234.171 -63.439 7.58063
pos: 24.1344 7.41866 0.195007
vel: 2.37444 -30.7657 -1.76055
acc: 233.065 -57.1623 7.78166
pos: 24.1492 7.26414 0.186303
vel: 3.5358 -31.0358 -1.72118
acc: 231.385 -50.9063 7.96296
pos: 24.1698 7.10836 0.177797
vel: 4.68737 -31.2748 -1.68095
acc: 229.153 -44.6756 8.12503
pos: 24.196 6.95145 0.169495
vel: 5.82644 -31.4826 -1.63996
acc: 226.388 -38.4746 8.26832
pos: 24.228 6.79358 0.161399
vel: 6.95039 -31.6596 -1.5983
acc: 223.109 -32.3077 8.39331
pos: 24.2655 6.6349 0.153512
vel: 8.05671 -31.8058 -1.55606
acc: 219.338 -26.1793 8.50046
pos: 24.3085 6.47557 0.145839
vel: 9.14299 -31.9214 -1.51332
acc: 215.095 -20.0939 8.59024
pos: 24.3569 6.31574 0.13838
vel: 10.2069 -32.0068 -1.47018
acc: 210.398 -14.0559 8.66312
pos: 24.4106 6.15556 0.131138
vel: 11.2463 -32.0621 -1.42672
acc: 205.27 -8.06963 8.71957
pos: 24.4693 5.99517 0.124113
vel: 12.2589 -32.0876 -1.38301
acc: 199.728 -2.13963 8.76006
pos: 24.5331 5.83473 0.117308
vel: 13.2429 -32.0836 -1.33914
acc: 193.794 3.72971 8.78506
pos: 24.6017 5.67438 0.110722
vel: 14.1962 -32.0504 -1.29519
acc: 187.488 9.53397 8.79504
pos: 24.675 5.51427 0.104356
vel: 15.1172 -31.9883 -1.25122
acc: 180.83 15.2687 8.79046
pos: 24.7528 5.35455 0.0982096
vel: 16.004 -31.8978 -1.20731
acc: 173.839 20.9296 8.77179
pos: 24.835 5.19534 0.0922826
vel: 16.855 -31.7792 -1.16352
acc: 166.536 26.512 8.73951
pos: 24.9213 5.0368 0.0865741
vel: 17.6689 -31.6328 -1.11993
acc: 158.941 32.0118 8.69408
pos: 25.0116 4.87906 0.0810829
vel: 18.444 -31.4592 -1.0766
acc: 151.074 37.4243 8.63597
pos: 25.1057 4.72225 0.0758075
vel: 19.1792 -31.2587 -1.03359
acc: 142.955 42.7451 8.56565
pos: 25.2033 4.56652 0.0707463
vel: 19.8732 -31.0319 -0.990965
acc: 134.605 47.97 8.48358
pos: 25.3043 4.41198 0.0658971
vel: 20.5249 -30.7792 -0.948776
acc: 126.042 53.0943 8.39025
pos: 25.4085 4.25877 0.0612577
vel: 21.1333 -30.5012 -0.907081
acc: 117.287 58.1138 8.28611
pos: 25.5156 4.10701 0.0568254
vel: 21.6975 -30.1983 -0.865932
acc: 108.361 63.024 8.17164
pos: 25.6254 3.95682 0.0525974
vel: 22.2166 -29.8711 -0.825381
acc: 99.2834 67.8204 8.0473
pos: 25.7377 3.80834 0.0485705
vel: 22.6901 -29.5203 -0.785475
acc: 90.0741 72.4986 7.91356
pos: 25.8522 3.66166 0.0447415
vel: 23.1172 -29.1463 -0.74626
acc: 80.7532 77.0542 7.7709
pos: 25.9688 3.51691 0.0411067
vel: 23.4975 -28.7499 -0.70778
acc: 71.3409 81.4829 7.61977
pos: 26.0871 3.3742 0.0376624
vel: 23.8305 -28.3317 -0.670076
acc: 61.8573 85.7801 7.46066
pos: 26.207 3.23363 0.0344046
vel: 24.1159 -27.8923 -0.633186
acc: 52.3223 89.9414 7.29402
pos: 26.3282 3.09531 0.0313291
vel: 24.3536 -27.4325 -0.597147
acc: 42.7561 93.9624 7.12034
pos: 26.4505 2.95934 0.0284316
vel: 24.5435 -26.953 -0.561994
acc: 33.1788 97.8387 6.94006
pos: 26.5736 2.82581 0.0257076
vel: 24.6854 -26.4544 -0.527757
acc: 23.6103 101.566 6.75368
pos: 26.6972 2.69482 0.0231525
vel: 24.7796 -25.9376 -0.494466
acc: 14.0708 105.14 6.56164
pos: 26.8213 2.56646 0.0207614
vel: 24.8262 -25.4033 -0.462149
acc: 4.58032 108.555 6.36443
pos: 26.9454 2.44082 0.0185293
vel: 24.8256 -24.8523 -0.43083
acc: -4.84105 111.808 6.16252
pos: 27.0695 2.31797 0.0164514
vel: 24.778 -24.2855 -0.400531
acc: -14.1733 114.895 5.95636
pos: 27.1931 2.19799 0.0145223
vel: 24.684 -23.7036 -0.371272
acc: -23.3962 117.81 5.74643
pos: 27.3162 2.08095 0.0127369
vel: 24.5442 -23.1076 -0.343072
acc: -32.4899 120.549 5.5332
pos: 27.4385 1.96693 0.0110898
vel: 24.3594 -22.4984 -0.315945
acc: -41.4342 123.109 5.31714
pos: 27.5597 1.85599 0.00957561
vel: 24.1302 -21.8769 -0.289905
acc: -50.2091 125.483 5.09871
pos: 27.6797 1.74818 0.00818891
vel: 23.8576 -21.2439 -0.264961
acc: -58.7945 127.669 4.87839
pos: 27.7982 1.64357 0.00692416
vel: 23.5426 -20.6005 -0.241123
acc: -67.1704 129.662 4.65664
pos: 27.9151 1.54219 0.00577582
vel: 23.1863 -19.9476 -0.218396
acc: -75.3166 131.456 4.43394
pos: 28.03 1.44411 0.00473834
vel: 22.7898 -19.2863 -0.196785
acc: -83.2131 133.049 4.21074
pos: 28.1429 1.34934 0.00380612
vel: 22.3546 -18.6175 -0.176289
acc: -90.8398 134.435 3.98753
pos: 28.2535 1.25794 0.00297359
vel: 21.8819 -17.9423 -0.156909
acc: -98.1768 135.609 3.76477
pos: 28.3617 1.16993 0.00223518
vel: 21.3733 -17.2617 -0.13864
acc: -105.204 136.569 3.54292
pos: 28.4672 1.08533 0.00158534
vel: 20.8304 -16.577 -0.121477
acc: -111.901 137.308 3.32246
pos: 28.5699 1.00417 0.00101858
vel: 20.2549 -15.889 -0.105412
acc: -118.248 137.823 3.10386
pos: 28.6697 0.926445 0.000529411
vel: 19.6486 -15.1991 -0.0904346
acc: -124.225 138.109 2.88758
pos: 28.7664 0.852176 0.000112439
vel: 19.0133 -14.5083 -0.0765317
acc: -129.812 138.162 2.6741
pos: 28.8598 0.781361 -0.000237673
vel: 18.3511 -13.8179 -0.0636882
acc: -134.988 137.977 2.46388
pos: 28.9498 0.713995 -0.00052618
vel: 17.6641 -13.129 -0.0518867
acc: -139.734 137.551 2.25739
pos: 29.0364 0.650067 -0.000758243
vel: 16.9545 -12.4428 -0.0411074
acc: -144.03 136.877 2.0551
pos: 29.1193 0.58956 -0.00093892
vel: 16.2246 -11.7606 -0.031328
acc: -147.856 135.953 1.85748
pos: 29.1986 0.532452 -0.00107315
vel: 15.4768 -11.0837 -0.022524
acc: -151.191 134.774 1.665
pos: 29.2741 0.478713 -0.00116574
vel: 14.7136 -10.4133 -0.0146687
acc: -154.015 133.335 1.47812
pos: 29.3457 0.428306 -0.00122137
vel: 13.9375 -9.75077 -0.00773267
acc: -156.309 131.632 1.29732
pos: 29.4134 0.381189 -0.00124455
vel: 13.1514 -9.09743 -0.00168452
acc: -158.052 129.66 1.12307
pos: 29.4772 0.337314 -0.00123964
vel: 12.358 -8.45463 0.00350971
acc: -159.225 127.415 0.955828
pos: 29.537 0.296623 -0.00121081
vel: 11.5601 -7.82375 0.00788624
acc: -159.806 124.892 0.79607
pos: 29.5928 0.259054 -0.00116207
vel: 10.7609 -7.20618 0.0114837
acc: -159.777 122.088 0.644264
pos: 29.6446 0.224537 -0.00109721
vel: 9.96341 -6.60334 0.0143429
acc: -159.116 118.998 0.500878
pos: 29.6925 0.192994 -0.0010198
vel: 9.17083 -6.01668 0.0165073
acc: -157.805 115.617 0.366381
pos: 29.7364 0.164341 -0.000933217
vel: 8.38648 -5.44767 0.0180223
acc: -155.823 111.94 0.241242
pos: 29.7764 0.138485 -0.000840581
vel: 7.61376 -4.89778 0.018936
acc: -153.149 107.964 0.125929
pos: 29.8125 0.115329 -0.000744775
vel: 6.85617 -4.36853 0.0192988
acc: -149.764 103.685 0.0209131
pos: 29.8449 0.0947632 -0.000648424
vel: 6.11733 -3.86145 0.0191631
acc: -145.648 99.0963 -0.0733385
pos: 29.8737 0.0766745 -0.000553883
vel: 5.40094 -3.37809 0.0185841
acc: -140.781 94.1951 -0.156357
pos: 29.899 0.0609401 -0.000463227
vel: 4.71081 -2.92003 0.0176191
acc: -135.142 88.9768 -0.227672
pos: 29.9209 0.0474295 -0.000378237
vel: 4.05085 -2.48886 0.0163277
acc: -128.711 83.4367 -0.286817
pos: 29.9396 0.036004 -0.000300391
vel: 3.42505 -2.0862 0.014772
acc: -121.469 77.5706 -0.333321
pos: 29.9552 0.0265172 -0.00023085
vel: 2.83754 -1.7137 0.0130163
acc: -113.396 71.3739 -0.366716
pos: 29.968 0.018814 -0.00017045
vel: 2.29251 -1.37302 0.0111274
acc: -104.471 64.8423 -0.386533
pos: 29.9782 0.0127311 -0.000119683
vel: 1.79428 -1.06584 0.00917438
acc: -94.6737 57.9713 -0.392304
pos: 29.986 0.00809684 -7.8694e-05
vel: 1.34726 -0.793882 0.00722858
acc: -83.9849 50.7564 -0.383558
pos: 29.9918 0.00473074 -4.72626e-05
vel: 0.955954 -0.558861 0.00536377
acc: -72.3842 43.1934 -0.359828
pos: 29.9957 0.00244374 -2.47946e-05
vel: 0.624972 -0.362535 0.00365605
acc: -59.8515 35.2777 -0.320645
pos: 29.9981 0.00103794 -1.03096e-05
vel: 0.359026 -0.206679 0.00218386
acc: -46.3668 27.005 -0.26554
pos: 29.9994 0.000306512 -2.42896e-06
vel: 0.162924 -0.093088 0.00102798
acc: -31.9101 18.3707 -0.194043
pos: 29.9999 3.35886e-05 6.35748e-07
vel: 0.0415788 -0.0235815 0.000271533
acc: -16.4611 9.37053 -0.105686
pos: 30 -5.8435e-06 1.09442e-06
vel: -7.27596e-12 -1.36424e-12 2.27374e-13
acc: 1.45519e-11 -5.45697e-12 2.27374e-13
