pos: 10 -7.40378e-08 -1.10995e-08
vel: -2.27117e-07 -5.97056e-08 -8.95758e-09
acc: -1.40869e-07 -3.70559e-08 -5.55781e-09
pos: 10.0036 0.00162715 0.000141625
vel: 0.141446 0.0632087 0.00549324
acc: 4.02139 1.80389 0.156341
pos: 10.0515 0.0231558 0.00200282
vel: 0.963625 0.435588 0.0375429
acc: 12.8695 5.87044 0.502659
pos: 10.2288 0.103909 0.00892537
vel: 2.74792 1.25835 0.107441
acc: 22.7354 10.5847 0.892983
pos: 10.6321 0.290087 0.0247291
vel: 5.45694 2.53592 0.214216
acc: 31.0231 14.8146 1.22692
pos: 11.343 0.623397 0.0527026
vel: 8.84701 4.18086 0.348863
acc: 36.1736 17.8437 1.4431
pos: 12.4124 1.13382 0.0949838
vel: 12.5631 6.05204 0.497923
acc: 37.4895 19.3035 1.51272
pos: 13.8535 1.8359 0.152267
vel: 16.2161 7.98609 0.646407
acc: 34.9588 19.1062 1.43295
pos: 15.6414 2.72775 0.223769
vel: 19.4428 9.82207 0.780073
acc: 29.0791 17.3771 1.22044
pos: 17.7179 3.79232 0.307388
vel: 21.9479 11.4194 0.887049
acc: 20.6824 14.3871 0.904803
pos: 20 5 0.4
vel: 23.5284 12.6691 0.958798
acc: 10.7586 10.4856 0.522092
pos: 20 5 0.4
vel: 23.5284 12.6691 0.958798
acc: 10.7586 10.4856 0.522092
pos: 22.3892 6.31208 0.497807
vel: 24.0813 13.4982 0.990439
acc: 0.281632 6.03302 0.108323
pos: 24.7815 7.6843 0.596698
vel: 23.594 13.8681 0.980469
acc: -9.92333 1.35007 -0.305463
pos: 27.0753 9.07005 0.692555
vel: 22.1275 13.7695 0.930184
acc: -19.2085 -3.29528 -0.694308
pos: 29.1782 10.4231 0.781506
vel: 19.7993 13.2176 0.843088
acc: -27.0901 -7.68454 -1.03892
pos: 31.0117 11.6996 0.860116
vel: 16.7676 12.2469 0.724349
acc: -33.2343 -11.6453 -1.32521
pos: 32.5145 12.8601 0.925531
vel: 13.2171 10.9072 0.580305
acc: -37.4422 -15.0474 -1.54383
pos: 33.6445 13.8708 0.975569
vel: 9.34641 9.25916 0.418014
acc: -39.6353 -17.7998 -1.68966
pos: 34.3798 14.704 1.00877
vel: 5.35638 7.37081 0.244848
acc: -39.8413 -19.8468 -1.76139
pos: 34.7182 15.3393 1.02442
vel: 1.44049 5.31415 0.0681423
acc: -38.1793 -21.1643 -1.76103
pos: 34.6763 15.7636 1.02252
vel: -2.22367 3.16215 -0.105114
acc: -34.845 -21.7566 -1.69343
pos: 34.2871 15.9709 1.00373
vel: -5.48132 0.986063 -0.268542
acc: -30.0966 -21.6527 -1.56583
pos: 33.5978 15.9623 0.969321
vel: -8.20601 -1.14683 -0.416583
acc: -24.2399 -20.9026 -1.38736
pos: 32.6668 15.7451 0.921076
vel: -10.3036 -3.17516 -0.54467
acc: -17.6138 -19.5741 -1.16859
pos: 31.56 15.3325 0.861169
vel: -11.715 -5.04509 -0.649343
acc: -10.5759 -17.7489 -0.921075
pos: 30.3475 14.7428 0.792065
vel: -12.4172 -6.71146 -0.728328
acc: -3.48774 -15.5192 -0.656844
pos: 29.0998 13.9982 0.716396
vel: -12.4226 -8.13875 -0.780557
acc: 3.29973 -12.9842 -0.387965
pos: 27.8847 13.1239 0.636842
vel: -11.7781 -9.30153 -0.806154
acc: 9.46061 -10.2463 -0.126058
pos: 26.7633 12.1472 0.556013
vel: -10.561 -10.1847 -0.80636
acc: 14.7087 -7.40798 0.11817
pos: 25.7881 11.0965 0.476343
vel: -8.87463 -10.7831 -0.783422
acc: 18.8121 -4.56787 0.335399
pos: 25 9.99999 0.399999
vel: -6.84234 -11.1013 -0.740435
acc: 21.6078 -1.81733 0.518162
pos: 24.4267 8.88516 0.328797
vel: -4.60009 -11.1525 -0.681292
acc: 22.9992 0.757111 0.656296
pos: 24.0822 7.77769 0.264118
vel: -2.28917 -10.958 -0.610792
acc: 22.9933 3.08676 0.74595
pos: 23.9666 6.70085 0.206862
vel: -0.0444632 -10.5449 -0.533573
acc: 21.6988 5.12353 0.791511
pos: 24.0671 5.67497 0.157489
vel: 2.01336 -9.94428 -0.453788
acc: 19.289 6.83114 0.798172
pos: 24.3597 4.71711 0.116069
vel: 3.78357 -9.19046 -0.375042
acc: 15.9872 8.18473 0.771737
pos: 24.8116 3.84078 0.082345
vel: 5.18969 -8.31961 -0.300336
acc: 12.0527 9.17051 0.718432
pos: 25.3838 3.05585 0.0557879
vel: 6.18238 -7.36874 -0.232036
acc: 7.7666 9.78541 0.644715
pos: 26.0336 2.36847 0.0356664
vel: 6.74092 -6.37465 -0.171857
acc: 3.41777 10.0368 0.557078
pos: 26.7178 1.78117 0.0211093
vel: 6.87327 -5.37293 -0.120872
acc: -0.711513 9.94191 0.461864
pos: 27.3952 1.29303 0.0111696
vel: 6.6147 -4.39692 -0.0795362
acc: -4.35966 9.52789 0.365071
pos: 28.0296 0.899921 0.00488392
vel: 6.02499 -3.47679 -0.0477281
acc: -7.29994 8.83106 0.272158
pos: 28.5918 0.594929 0.001327
vel: 5.1843 -2.63864 -0.0248164
acc: -9.35466 7.89675 0.18786
pos: 29.0613 0.368751 -0.000340922
vel: 4.18748 -1.90357 -0.00974046
acc: -10.4094 6.77893 0.115993
pos: 29.4275 0.210262 -0.000836241
vel: 3.1371 -1.2869 -0.00111184
acc: -10.4269 5.53987 0.0592615
pos: 29.6903 0.107127 -0.0007251
vel: 2.13497 -0.797307 0.00266479
acc: -9.46185 4.24973 0.0190685
pos: 29.8592 0.0465125 -0.000409497
vel: 1.27228 -0.436072 0.00325204
acc: -7.67433 2.98628 -0.00467531
pos: 29.9518 0.0158533 -0.000128339
vel: 0.618327 -0.196335 0.00222097
acc: -5.34446 1.83453 -0.0137441
pos: 29.991 0.00370867 2.46509e-05
vel: 0.20782 -0.062388 0.000873009
acc: -2.88643 0.886338 -0.011788
pos: 30.0011 0.000678835 6.42775e-05
vel: 0.0267443 -0.00900787 4.27896e-05
acc: -0.862694 0.240127 -0.00452453
pos: 30.0015 0.000388841 5.65367e-05
vel: -0.00316045 -0.000816657 -0.000118138
acc: 0.00189787 0.000488692 7.00771e-05
