pos: 10 -3.67562e-17 -1.72252e-17
vel: -4.68373e-17 -3.65019e-18 -1.88318e-18
acc: -3.37533e-18 -1.79768e-19 -1.21374e-19
pos: 10.0005 0.000207282 1.91977e-05
vel: 0.282406 0.123507 0.0114304
acc: 111.23 48.7149 4.50181
pos: 10.0037 0.00162397 0.000150075
vel: 1.09526 0.480373 0.0443257
acc: 212.234 93.3642 8.58821
pos: 10.0122 0.00536654 0.000494821
vel: 2.38826 1.05058 0.0966425
acc: 303.344 134.071 12.2726
pos: 10.0283 0.0124529 0.00114557
vel: 4.11276 1.81472 0.166404
acc: 384.893 170.959 15.5685
pos: 10.054 0.0238056 0.00218475
vel: 6.2218 2.754 0.251702
acc: 457.214 204.15 18.4892
pos: 10.0911 0.0402546 0.00368542
vel: 8.67007 3.85026 0.350694
acc: 520.64 233.768 21.0483
pos: 10.1412 0.0625405 0.00571156
vel: 11.4139 5.08593 0.461605
acc: 575.505 259.935 23.2591
pos: 10.2057 0.0913179 0.00831848
vel: 14.4114 6.44407 0.582727
acc: 622.141 282.776 25.135
pos: 10.2857 0.127158 0.0115531
vel: 17.6222 7.90835 0.712419
acc: 660.881 302.413 26.6896
pos: 10.3822 0.170552 0.0154543
vel: 21.0076 9.46306 0.849109
acc: 692.059 318.969 27.9361
pos: 10.496 0.221914 0.0200533
vel: 24.5307 11.0931 0.991289
acc: 716.007 332.567 28.8881
pos: 10.6276 0.281585 0.025374
vel: 28.1562 12.784 1.13752
acc: 733.058 343.331 29.5589
pos: 10.7776 0.349833 0.031433
vel: 31.8504 14.5219 1.28643
acc: 743.546 351.383 29.9621
pos: 10.9462 0.42686 0.0382406
vel: 35.5813 16.2935 1.43672
acc: 747.803 356.846 30.111
pos: 11.1335 0.512803 0.0458004
vel: 39.3186 18.0863 1.58714
acc: 746.162 359.845 30.019
pos: 11.3394 0.607737 0.0541103
vel: 43.0336 19.8881 1.73653
acc: 738.957 360.501 29.6997
pos: 11.5637 0.71168 0.0631622
vel: 46.6994 21.6876 1.88378
acc: 726.521 358.937 29.1663
pos: 11.8062 0.824591 0.0729428
vel: 50.2907 23.4739 2.02786
acc: 709.186 355.278 28.4324
pos: 12.0665 0.94638 0.0834338
vel: 53.7837 25.2371 2.16779
acc: 687.285 349.645 27.5114
pos: 12.3439 1.07691 0.0946123
vel: 57.1564 26.9673 2.30268
acc: 661.152 342.163 26.4166
pos: 12.6378 1.21598 0.106451
vel: 60.3887 28.6558 2.43169
acc: 631.12 332.954 25.1616
pos: 12.9475 1.36338 0.118918
vel: 63.4617 30.2942 2.55405
acc: 597.521 322.141 23.7597
pos: 13.2721 1.51883 0.131979
vel: 66.3585 31.8747 2.66907
acc: 560.688 309.848 22.2244
pos: 13.6108 1.68202 0.145596
vel: 69.0637 33.3904 2.7761
acc: 520.955 296.197 20.5691
pos: 13.9624 1.85261 0.159726
vel: 71.5638 34.8347 2.87458
acc: 478.655 281.311 18.8073
pos: 14.326 2.03024 0.174326
vel: 73.8466 36.2017 2.96402
acc: 434.121 265.314 16.9523
pos: 14.7005 2.21449 0.18935
vel: 75.9018 37.4862 3.04397
acc: 387.685 248.329 15.0176
pos: 15.0847 2.40495 0.20475
vel: 77.7208 38.6835 3.11408
acc: 339.68 230.479 13.0166
pos: 15.4773 2.60118 0.220474
vel: 79.2966 39.7897 3.17405
acc: 290.441 211.887 10.9628
pos: 15.8772 2.80269 0.236473
vel: 80.6237 40.8013 3.22364
acc: 240.299 192.676 8.86953
pos: 16.2831 3.00903 0.252693
vel: 81.6986 41.7156 3.2627
acc: 189.588 172.968 6.75028
pos: 16.6938 3.21968 0.269082
vel: 82.5192 42.5304 3.29112
acc: 138.641 152.888 4.61847
pos: 17.1079 3.43416 0.285586
vel: 83.0852 43.2441 3.30889
acc: 87.7899 132.559 2.48752
pos: 17.5242 3.65196 0.302153
vel: 83.3978 43.8558 3.31602
acc: 37.3691 112.102 0.370853
pos: 17.9414 3.87255 0.318729
vel: 83.4601 44.3651 3.31264
acc: -12.289 91.6426 -1.71809
pos: 18.3584 4.09544 0.335262
vel: 83.2768 44.7724 3.29891
acc: -60.8512 71.3024 -3.7659
pos: 18.7738 4.32011 0.351701
vel: 82.854 45.0786 3.27507
acc: -107.985 51.2049 -5.75913
pos: 19.1865 4.54606 0.367997
vel: 82.1998 45.2851 3.24143
acc: -153.356 31.4731 -7.68436
pos: 19.5954 4.77279 0.3841
vel: 81.3239 45.3941 3.19837
acc: -196.633 12.2301 -9.52816
pos: 19.9994 4.9999 0.399961
vel: 80.2375 45.4083 3.1463
acc: -237.481 -6.40087 -11.2771
pos: 20.3975 5.22678 0.415544
vel: 78.9536 45.3312 3.08576
acc: -275.635 -24.3192 -12.9204
pos: 20.7886 5.45306 0.430805
vel: 77.4856 45.1663 3.01728
acc: -311.09 -41.5136 -14.4577
pos: 21.172 5.67831 0.445705
vel: 75.8471 44.9173 2.94136
acc: -343.909 -57.9952 -15.8913
pos: 21.5468 5.9021 0.460207
vel: 74.0508 44.5876 2.85853
acc: -374.153 -73.7751 -17.2234
pos: 21.9123 6.12406 0.474279
vel: 72.1097 44.1807 2.76929
acc: -401.886 -88.8645 -18.4565
pos: 22.2677 6.34379 0.48789
vel: 70.0361 43.7 2.67413
acc: -427.169 -103.274 -19.5927
pos: 22.6125 6.56094 0.501012
vel: 67.842 43.149 2.57352
acc: -450.064 -117.016 -20.6343
pos: 22.946 6.77517 0.513617
vel: 65.5393 42.531 2.46794
acc: -470.635 -130.101 -21.5837
pos: 23.2677 6.98614 0.525683
vel: 63.1394 41.8491 2.35784
acc: -488.942 -142.539 -22.4431
pos: 23.5772 7.19356 0.537189
vel: 60.6535 41.1066 2.24365
acc: -505.049 -154.342 -23.2149
pos: 23.8741 7.39711 0.548114
vel: 58.0925 40.3067 2.12583
acc: -519.018 -165.522 -23.9012
pos: 24.158 7.59653 0.558442
vel: 55.4668 39.4524 2.00478
acc: -530.91 -176.089 -24.5045
pos: 24.4287 7.79155 0.568157
vel: 52.7868 38.5468 1.88092
acc: -540.788 -186.054 -25.027
pos: 24.6858 7.98192 0.577247
vel: 50.0622 37.5929 1.75464
acc: -548.715 -195.429 -25.4709
pos: 24.9292 8.1674 0.5857
vel: 47.3028 36.5935 1.62634
acc: -554.753 -204.225 -25.8386
pos: 25.1588 8.34778 0.593507
vel: 44.5177 35.5516 1.49638
acc: -558.963 -212.452 -26.1323
pos: 25.3744 8.52285 0.600662
vel: 41.7161 34.4699 1.36513
acc: -561.408 -220.123 -26.3544
pos: 25.5759 8.69242 0.607157
vel: 38.9065 33.3513 1.23295
acc: -562.151 -227.247 -26.5071
pos: 25.7635 8.85631 0.61299
vel: 36.0973 32.1983 1.10017
acc: -561.254 -233.836 -26.5928
pos: 25.9369 9.01435 0.618158
vel: 33.2966 31.0138 0.96713
acc: -558.778 -239.902 -26.6137
pos: 26.0964 9.1664 0.622662
vel: 30.512 29.8002 0.834141
acc: -554.787 -245.455 -26.5721
pos: 26.2421 9.31231 0.6265
vel: 27.7511 28.5601 0.70151
acc: -549.342 -250.507 -26.4702
pos: 26.374 9.45196 0.629678
vel: 25.0209 27.2959 0.569535
acc: -542.505 -255.069 -26.3105
pos: 26.4924 9.58523 0.632197
vel: 22.3283 26.0102 0.438498
acc: -534.34 -259.151 -26.0951
pos: 26.5974 9.71203 0.634065
vel: 19.6796 24.7052 0.308672
acc: -524.907 -262.765 -25.8264
pos: 26.6892 9.83226 0.635287
vel: 17.0812 23.3833 0.180319
acc: -514.27 -265.922 -25.5067
pos: 26.7683 9.94584 0.635871
vel: 14.5388 22.0467 0.053687
acc: -502.491 -268.633 -25.1381
pos: 26.8347 10.0527 0.635827
vel: 12.0581 20.6977 -0.0709852
acc: -489.632 -270.91 -24.7232
pos: 26.889 10.1528 0.635165
vel: 9.64422 19.3383 -0.193471
acc: -475.755 -272.762 -24.264
pos: 26.9313 10.2461 0.633896
vel: 7.30215 17.9707 -0.313555
acc: -460.922 -274.203 -23.763
pos: 26.9621 10.3325 0.632033
vel: 5.03649 16.597 -0.431035
acc: -445.196 -275.242 -23.2223
pos: 26.9818 10.412 0.62959
vel: 2.85158 15.219 -0.545716
acc: -428.639 -275.891 -22.6443
pos: 26.9908 10.4847 0.626581
vel: 0.75139 13.8387 -0.65742
acc: -411.313 -276.16 -22.0313
pos: 26.9895 10.5504 0.623021
vel: -1.26037 12.458 -0.765975
acc: -393.28 -276.062 -21.3856
pos: 26.9783 10.6093 0.618927
vel: -3.18034 11.0787 -0.871225
acc: -374.603 -275.607 -20.7095
pos: 26.9578 10.6612 0.614315
vel: -5.00543 9.70249 -0.973023
acc: -355.344 -274.806 -20.0052
pos: 26.9284 10.7063 0.609203
vel: -6.73291 8.33117 -1.07123
acc: -335.565 -273.67 -19.275
pos: 26.8906 10.7445 0.603609
vel: -8.36033 6.96633 -1.16573
acc: -315.329 -272.211 -18.5212
pos: 26.845 10.776 0.597552
vel: -9.88554 5.60958 -1.25641
acc: -294.698 -270.439 -17.7462
pos: 26.792 10.8006 0.591051
vel: -11.3067 4.26244 -1.34316
acc: -273.733 -268.367 -16.9522
pos: 26.7321 10.8186 0.584127
vel: -12.6224 2.9264 -1.4259
acc: -252.497 -266.004 -16.1414
pos: 26.6659 10.8299 0.576799
vel: -13.8314 1.60287 -1.50455
acc: -231.053 -263.362 -15.3163
pos: 26.594 10.8347 0.569088
vel: -14.9327 0.293229 -1.57905
acc: -209.463 -260.452 -14.479
pos: 26.5168 10.8329 0.561016
vel: -15.9259 -1.00122 -1.64933
acc: -187.789 -257.285 -13.6319
pos: 26.4349 10.8247 0.552602
vel: -16.8106 -2.27921 -1.71535
acc: -166.093 -253.873 -12.7772
pos: 26.3488 10.8101 0.543869
vel: -17.5869 -3.53956 -1.77709
acc: -144.437 -250.226 -11.9173
pos: 26.2592 10.7893 0.534838
vel: -18.2551 -4.7811 -1.83452
acc: -122.884 -246.356 -11.0544
pos: 26.1665 10.7624 0.525531
vel: -18.816 -6.00276 -1.88763
acc: -101.496 -242.273 -10.1908
pos: 26.0712 10.7293 0.515969
vel: -19.2705 -7.2035 -1.93643
acc: -80.3356 -237.99 -9.32881
pos: 25.9739 10.6904 0.506174
vel: -19.6198 -8.38234 -1.98093
acc: -59.4644 -233.516 -8.47074
pos: 25.8752 10.6455 0.496167
vel: -19.8657 -9.53836 -2.02115
acc: -38.9449 -228.863 -7.61886
pos: 25.7755 10.595 0.48597
vel: -20.01 -10.6707 -2.05713
acc: -18.8394 -224.043 -6.77546
pos: 25.6753 10.5389 0.475603
vel: -20.0549 -11.7785 -2.08892
acc: 0.789826 -219.066 -5.94282
pos: 25.5751 10.4773 0.465087
vel: -20.003 -12.8611 -2.11658
acc: 19.8806 -213.943 -5.12325
pos: 25.4754 10.4103 0.454444
vel: -19.8571 -13.9177 -2.14018
acc: 38.3706 -208.686 -4.31901
pos: 25.3767 10.3381 0.443692
vel: -19.6204 -14.9478 -2.1598
acc: 56.1976 -203.305 -3.53242
pos: 25.2793 10.2609 0.432852
vel: -19.2963 -15.9506 -2.17554
acc: 73.2994 -197.813 -2.76575
pos: 25.1838 10.1787 0.421943
vel: -18.8887 -16.9257 -2.18749
acc: 89.6137 -192.219 -2.02129
pos: 25.0906 10.0917 0.410983
vel: -18.4016 -17.8726 -2.19579
acc: 105.078 -186.535 -1.30134
pos: 25 9.99997 0.400009
vel: -17.8393 -18.7909 -2.20055
acc: 119.631 -180.773 -0.60818
pos: 24.9124 9.90378 0.389001
vel: -17.2068 -19.6802 -2.20191
acc: 133.224 -174.941 0.0564866
pos: 24.8281 9.80322 0.377995
vel: -16.5087 -20.5402 -2.20003
acc: 145.864 -169.046 0.692531
pos: 24.7474 9.69843 0.367006
vel: -15.7497 -21.3705 -2.19504
acc: 157.569 -163.092 1.30042
pos: 24.6707 9.58956 0.356049
vel: -14.9345 -22.171 -2.18707
acc: 168.36 -157.083 1.88063
pos: 24.5981 9.47677 0.34514
vel: -14.0676 -22.9413 -2.17627
acc: 178.257 -151.025 2.43362
pos: 24.5301 9.3602 0.334291
vel: -13.1534 -23.6812 -2.16278
acc: 187.28 -144.921 2.95987
pos: 24.4667 9.24001 0.323516
vel: -12.1962 -24.3904 -2.14672
acc: 195.449 -138.776 3.45984
pos: 24.4082 9.11635 0.312828
vel: -11.2003 -25.0689 -2.12822
acc: 202.784 -132.594 3.934
pos: 24.3547 8.98937 0.302238
vel: -10.1697 -25.7163 -2.10742
acc: 209.305 -126.38 4.38282
pos: 24.3065 8.85924 0.291757
vel: -9.10856 -26.3326 -2.08444
acc: 215.032 -120.138 4.80677
pos: 24.2637 8.7261 0.281397
vel: -8.0207 -26.9177 -2.0594
acc: 219.986 -113.873 5.20632
pos: 24.2263 8.59011 0.271167
vel: -6.90996 -27.4713 -2.03241
acc: 224.186 -107.588 5.58193
pos: 24.1946 8.45144 0.261076
vel: -5.78006 -27.9935 -2.00361
acc: 227.653 -101.29 5.93409
pos: 24.1686 8.31023 0.251133
vel: -4.63462 -28.4842 -1.97311
acc: 230.406 -94.9807 6.26324
pos: 24.1483 8.16665 0.241347
vel: -3.47715 -28.9433 -1.94102
acc: 232.466 -88.6661 6.56987
pos: 24.1338 8.02085 0.231726
vel: -2.31108 -29.3709 -1.90745
acc: 233.852 -82.3502 6.85445
pos: 24.1252 7.87299 0.222275
vel: -1.13972 -29.7668 -1.87251
acc: 234.585 -76.0375 7.11743
pos: 24.1224 7.72323 0.213003
vel: 0.033713 -30.1312 -1.83631
acc: 234.685 -69.7323 7.3593
pos: 24.1255 7.57173 0.203914
vel: 1.2061 -30.4642 -1.79895
acc: 234.171 -63.439 7.58051
pos: 24.1345 7.41865 0.195015
vel: 2.37444 -30.7657 -1.76054
acc: 233.065 -57.1623 7.78154
pos: 24.1493 7.26413 0.18631
vel: 3.5358 -31.0358 -1.72117
acc: 231.385 -50.9063 7.96286
pos: 24.1698 7.10834 0.177805
vel: 4.68737 -31.2748 -1.68094
acc: 229.153 -44.6756 8.12494
pos: 24.1961 6.95143 0.169502
vel: 5.82644 -31.4826 -1.63995
acc: 226.388 -38.4746 8.26824
pos: 24.2281 6.79356 0.161406
vel: 6.95039 -31.6596 -1.59829
acc: 223.109 -32.3077 8.39323
pos: 24.2656 6.63489 0.15352
vel: 8.05671 -31.8058 -1.55605
acc: 219.338 -26.1793 8.50039
pos: 24.3086 6.47556 0.145847
vel: 9.14299 -31.9214 -1.51332
acc: 215.095 -20.0939 8.59018
pos: 24.357 6.31572 0.138388
vel: 10.2069 -32.0068 -1.47018
acc: 210.398 -14.0559 8.66307
pos: 24.4106 6.15554 0.131145
vel: 11.2463 -32.0621 -1.42671
acc: 205.27 -8.06963 8.71953
pos: 24.4694 5.99515 0.124121
vel: 12.2589 -32.0876 -1.38301
acc: 199.728 -2.13963 8.76002
pos: 24.5332 5.83471 0.117316
vel: 13.2429 -32.0836 -1.33914
acc: 193.794 3.72971 8.78503
pos: 24.6018 5.67437 0.11073
vel: 14.1962 -32.0504 -1.29518
acc: 187.488 9.53397 8.79501
pos: 24.6751 5.51426 0.104364
vel: 15.1172 -31.9883 -1.25121
acc: 180.83 15.2687 8.79043
pos: 24.7529 5.35453 0.0982175
vel: 16.004 -31.8978 -1.2073
acc: 173.839 20.9296 8.77177
pos: 24.835 5.19533 0.0922905
vel: 16.855 -31.7792 -1.16352
acc: 166.536 26.512 8.73949
pos: 24.9214 5.03678 0.086582
vel: 17.6689 -31.6328 -1.11993
acc: 158.941 32.0118 8.69406
pos: 25.0117 4.87904 0.0810908
vel: 18.444 -31.4592 -1.0766
acc: 151.074 37.4243 8.63596
pos: 25.1057 4.72224 0.0758155
vel: 19.1792 -31.2587 -1.03359
acc: 142.955 42.7451 8.56564
pos: 25.2034 4.5665 0.0707543
vel: 19.8732 -31.0319 -0.990961
acc: 134.605 47.97 8.48358
pos: 25.3044 4.41196 0.0659052
vel: 20.5249 -30.7792 -0.948772
acc: 126.042 53.0943 8.39025
pos: 25.4086 4.25875 0.0612658
vel: 21.1333 -30.5012 -0.907077
acc: 117.287 58.1138 8.28611
pos: 25.5157 4.10699 0.0568335
vel: 21.6975 -30.1983 -0.865928
acc: 108.361 63.024 8.17164
pos: 25.6255 3.95681 0.0526055
vel: 22.2166 -29.8711 -0.825377
acc: 99.2834 67.8204 8.0473
pos: 25.7378 3.80832 0.0485786
vel: 22.6901 -29.5203 -0.785471
acc: 90.0741 72.4986 7.91357
pos: 25.8523 3.66164 0.0447496
vel: 23.1172 -29.1463 -0.746256
acc: 80.7532 77.0542 7.7709
pos: 25.9689 3.51689 0.0411148
vel: 23.4975 -28.7499 -0.707776
acc: 71.3409 81.4829 7.61978
pos: 26.0872 3.37418 0.0376706
vel: 23.8305 -28.3317 -0.670072
acc: 61.8573 85.7801 7.46067
pos: 26.2071 3.23361 0.0344128
vel: 24.1159 -27.8923 -0.633182
acc: 52.3223 89.9414 7.29403
pos: 26.3283 3.09529 0.0313373
vel: 24.3536 -27.4325 -0.597143
acc: 42.7561 93.9624 7.12034
pos: 26.4505 2.95932 0.0284399
vel: 24.5435 -26.953 -0.561989
acc: 33.1788 97.8387 6.94007
pos: 26.5736 2.82579 0.0257159
vel: 24.6854 -26.4544 -0.527752
acc: 23.6103 101.566 6.75369
pos: 26.6973 2.69481 0.0231608
vel: 24.7796 -25.9376 -0.494462
acc: 14.0708 105.14 6.56165
pos: 26.8213 2.56645 0.0207697
vel: 24.8262 -25.4033 -0.462145
acc: 4.58032 108.555 6.36444
pos: 26.9455 2.4408 0.0185377
vel: 24.8256 -24.8523 -0.430825
acc: -4.84105 111.808 6.16252
pos: 27.0695 2.31795 0.0164597
vel: 24.778 -24.2855 -0.400526
acc: -14.1733 114.895 5.95636
pos: 27.1932 2.19797 0.0145307
vel: 24.684 -23.7036 -0.371268
acc: -23.3962 117.81 5.74643
pos: 27.3163 2.08094 0.0127453
vel: 24.5442 -23.1076 -0.343068
acc: -32.4899 120.549 5.5332
pos: 27.4386 1.96692 0.0110982
vel: 24.3594 -22.4984 -0.315941
acc: -41.4342 123.109 5.31714
pos: 27.5598 1.85597 0.00958405
vel: 24.1302 -21.8769 -0.2899
acc: -50.2091 125.483 5.09871
pos: 27.6798 1.74817 0.00819736
vel: 23.8576 -21.2439 -0.264957
acc: -58.7945 127.669 4.87839
pos: 27.7983 1.64355 0.00693264
vel: 23.5426 -20.6005 -0.241119
acc: -67.1704 129.662 4.65664
pos: 27.9151 1.54218 0.00578432
vel: 23.1863 -19.9476 -0.218392
acc: -75.3166 131.456 4.43393
pos: 28.0301 1.44409 0.00474686
vel: 22.7898 -19.2863 -0.19678
acc: -83.2131 133.049 4.21074
pos: 28.143 1.34933 0.00381466
vel: 22.3546 -18.6175 -0.176285
acc: -90.8398 134.435 3.98752
pos: 28.2536 1.25793 0.00298215
vel: 21.8819 -17.9423 -0.156904
acc: -98.1768 135.609 3.76476
pos: 28.3617 1.16991 0.00224377
vel: 21.3733 -17.2617 -0.138636
acc: -105.204 136.569 3.54291
pos: 28.4673 1.08532 0.00159395
vel: 20.8304 -16.577 -0.121473
acc: -111.901 137.308 3.32245
pos: 28.57 1.00415 0.00102721
vel: 20.2549 -15.889 -0.105408
acc: -118.248 137.823 3.10384
pos: 28.6698 0.926429 0.000538063
vel: 19.6486 -15.1991 -0.0904305
acc: -124.225 138.109 2.88756
pos: 28.7664 0.85216 0.000121112
vel: 19.0133 -14.5083 -0.0765277
acc: -129.812 138.162 2.67408
pos: 28.8598 0.781345 -0.00022898
vel: 18.3511 -13.8179 -0.0636843
acc: -134.988 137.977 2.46386
pos: 28.9499 0.713979 -0.000517467
vel: 17.6641 -13.129 -0.0518829
acc: -139.734 137.551 2.25737
pos: 29.0365 0.650051 -0.000749512
vel: 16.9545 -12.4428 -0.0411036
acc: -144.03 136.877 2.05507
pos: 29.1194 0.589544 -0.00093017
vel: 16.2246 -11.7606 -0.0313244
acc: -147.856 135.953 1.85745
pos: 29.1987 0.532436 -0.00106438
vel: 15.4768 -11.0837 -0.0225205
acc: -151.191 134.774 1.66497
pos: 29.2742 0.478696 -0.00115696
vel: 14.7136 -10.4133 -0.0146653
acc: -154.015 133.335 1.47809
pos: 29.3458 0.42829 -0.00121257
vel: 13.9375 -9.75077 -0.00772947
acc: -156.309 131.632 1.29729
pos: 29.4135 0.381173 -0.00123573
vel: 13.1514 -9.09743 -0.00168147
acc: -158.052 129.66 1.12304
pos: 29.4773 0.337298 -0.00123081
vel: 12.358 -8.45463 0.0035126
acc: -159.225 127.415 0.955797
pos: 29.5371 0.296607 -0.00120197
vel: 11.5601 -7.82375 0.00788897
acc: -159.806 124.892 0.796038
pos: 29.5929 0.259038 -0.00115321
vel: 10.7609 -7.20618 0.0114862
acc: -159.777 122.088 0.644231
pos: 29.6447 0.224521 -0.00108834
vel: 9.96341 -6.60334 0.0143453
acc: -159.116 118.998 0.500844
pos: 29.6925 0.192978 -0.00101092
vel: 9.17083 -6.01668 0.0165095
acc: -157.805 115.617 0.366346
pos: 29.7364 0.164325 -0.000924324
vel: 8.38648 -5.44767 0.0180244
acc: -155.823 111.94 0.241207
pos: 29.7764 0.138469 -0.000831678
vel: 7.61376 -4.89778 0.0189379
acc: -153.149 107.964 0.125895
pos: 29.8126 0.115312 -0.000735863
vel: 6.85617 -4.36853 0.0193005
acc: -149.764 103.685 0.0208787
pos: 29.845 0.0947471 -0.000639504
vel: 6.11733 -3.86145 0.0191647
acc: -145.648 99.0963 -0.0733726
pos: 29.8738 0.0766584 -0.000544956
vel: 5.40094 -3.37809 0.0185855
acc: -140.781 94.1951 -0.15639
pos: 29.8991 0.060924 -0.000454293
vel: 4.71081 -2.92003 0.0176203
acc: -135.142 88.9768 -0.227705
pos: 29.9209 0.0474133 -0.000369297
vel: 4.05085 -2.48886 0.0163287
acc: -128.711 83.4367 -0.286848
pos: 29.9396 0.0359879 -0.000291446
vel: 3.42505 -2.0862 0.0147728
acc: -121.469 77.5706 -0.333351
pos: 29.9553 0.0265011 -0.000221902
vel: 2.83754 -1.7137 0.013017
acc: -113.396 71.3739 -0.366745
pos: 29.9681 0.0187979 -0.000161498
vel: 2.29251 -1.37302 0.011128
acc: -104.471 64.8423 -0.38656
pos: 29.9783 0.012715 -0.000110729
vel: 1.79428 -1.06584 0.00917486
acc: -94.6737 57.9713 -0.392328
pos: 29.9861 0.00808073 -6.97375e-05
vel: 1.34726 -0.793882 0.00722894
acc: -83.9849 50.7564 -0.38358
pos: 29.9918 0.00471463 -3.83044e-05
vel: 0.955954 -0.558861 0.00536403
acc: -72.3842 43.1934 -0.359848
pos: 29.9958 0.00242763 -1.58354e-05
vel: 0.624972 -0.362535 0.00365622
acc: -59.8515 35.2777 -0.320661
pos: 29.9982 0.00102183 -1.34976e-06
vel: 0.359026 -0.206679 0.00218396
acc: -46.3668 27.005 -0.265552
pos: 29.9995 0.000290401 6.53124e-06
vel: 0.162924 -0.093088 0.00102802
acc: -31.9101 18.3707 -0.194051
pos: 29.9999 1.74769e-05 9.59609e-06
vel: 0.0415788 -0.0235815 0.000271544
acc: -16.4611 9.37053 -0.10569
pos: 30 -2.19552e-05 1.00548e-05
vel: -1.09139e-11 9.09495e-13 1.25056e-12
acc: 0 9.09495e-12 -9.09495e-13
