pos: 10 -7.40378e-08 -1.6077e-08
vel: -1.75536e-07 -5.97056e-08 -1.29557e-08
acc: -1.08524e-07 -3.70559e-08 -8.03514e-09
pos: 10.0036 0.00162715 0.000141479
vel: 0.14143 0.0632087 0.00548789
acc: 4.02095 1.80389 0.156194
pos: 10.0515 0.0231558 0.00200097
vel: 0.963527 0.435588 0.03751
acc: 12.8683 5.87044 0.502257
pos: 10.2288 0.103909 0.0089179
vel: 2.74768 1.25835 0.107359
acc: 22.7337 10.5847 0.892426
pos: 10.6321 0.290087 0.0247106
vel: 5.45654 2.53592 0.214079
acc: 31.0216 14.8146 1.22642
pos: 11.3429 0.623397 0.0526683
vel: 8.8465 4.18086 0.348691
acc: 36.1731 17.8437 1.44293
pos: 12.4123 1.13382 0.0949323
vel: 12.5626 6.05204 0.497759
acc: 37.4907 19.3035 1.51312
pos: 13.8533 1.8359 0.152202
vel: 16.2159 7.98609 0.64632
acc: 34.9622 19.1062 1.43411
pos: 15.6412 2.72775 0.223702
vel: 19.4431 9.82207 0.780145
acc: 29.0851 17.3771 1.22246
pos: 17.7178 3.79232 0.307341
vel: 21.9488 11.4194 0.887366
acc: 20.6909 14.3871 0.907675
pos: 20 5 0.4
vel: 23.5303 12.6691 0.959441
acc: 10.7693 10.4856 0.525709
pos: 20 5 0.4
vel: 23.5303 12.6691 0.959441
acc: 10.7693 10.4856 0.525709
pos: 22.3895 6.31208 0.49789
vel: 24.0844 13.4982 0.991472
acc: 0.293948 6.03302 0.112483
pos: 24.7821 7.6843 0.596906
vel: 23.5984 13.8681 0.981935
acc: -9.91022 1.35007 -0.301032
pos: 27.0765 9.07005 0.692932
vel: 22.1332 13.7695 0.932093
acc: -19.1955 -3.29528 -0.689919
pos: 29.18 10.4231 0.782095
vel: 19.8062 13.2176 0.84542
acc: -27.0783 -7.68454 -1.03491
pos: 31.0142 11.6996 0.860958
vel: 16.7755 12.2469 0.727049
acc: -33.2246 -11.6453 -1.32192
pos: 32.5178 12.8601 0.926657
vel: 13.2259 10.9072 0.583286
acc: -37.4355 -15.0474 -1.54157
pos: 33.6487 13.8708 0.977002
vel: 9.35569 9.25916 0.421156
acc: -39.6326 -17.7998 -1.68872
pos: 34.3849 14.704 1.01052
vel: 5.36571 7.37081 0.248007
acc: -39.8433 -19.8468 -1.76202
pos: 34.7243 15.3393 1.02648
vel: 1.44936 5.31415 0.0711526
acc: -38.1865 -21.1643 -1.76342
pos: 34.6832 15.7636 1.02486
vel: -2.21579 3.16215 -0.102436
acc: -34.8577 -21.7566 -1.6977
pos: 34.2947 15.9709 1.00632
vel: -5.475 0.986063 -0.266387
acc: -30.115 -21.6527 -1.57204
pos: 33.606 15.9623 0.972092
vel: -8.20181 -1.14683 -0.415146
acc: -24.264 -20.9026 -1.3955
pos: 32.6753 15.7451 0.923946
vel: -10.3021 -3.17516 -0.54414
acc: -17.6433 -19.5741 -1.17858
pos: 31.5685 15.3325 0.864039
vel: -11.7167 -5.04509 -0.649899
acc: -10.6104 -17.7489 -0.932767
pos: 30.3556 14.7428 0.794819
vel: -12.4225 -6.71146 -0.730129
acc: -3.52651 -15.5192 -0.67003
pos: 29.1072 13.9982 0.718902
vel: -12.4321 -8.13875 -0.783742
acc: 3.25745 -12.9842 -0.40238
pos: 27.8909 13.1239 0.638956
vel: -11.7919 -9.30153 -0.810828
acc: 9.41576 -10.2463 -0.141393
pos: 26.7679 12.1472 0.557581
vel: -10.5794 -10.1847 -0.8126
acc: 14.6623 -7.40798 0.102254
pos: 25.7907 11.0965 0.477207
vel: -8.89765 -10.7831 -0.791268
acc: 18.7653 -4.56787 0.319258
pos: 25 9.99999 0.399998
vel: -6.87002 -11.1013 -0.749892
acc: 21.5615 -1.81733 0.502152
pos: 24.4237 8.88516 0.327775
vel: -4.63192 -11.1525 -0.692186
acc: 22.9661 0.757111 0.644862
pos: 24.0759 7.77769 0.261965
vel: -2.32295 -10.958 -0.622356
acc: 22.989 3.08676 0.744567
pos: 23.957 6.70085 0.203565
vel: -0.0769805 -10.5449 -0.544686
acc: 21.7283 5.12353 0.801911
pos: 24.0544 5.67497 0.153151
vel: 1.98539 -9.94428 -0.463304
acc: 19.3495 6.83114 0.819389
pos: 24.3446 4.71711 0.110901
vel: 3.76289 -9.19046 -0.382004
acc: 16.071 8.18473 0.801033
pos: 24.7949 3.84078 0.0766358
vel: 5.17812 -8.31961 -0.304118
acc: 12.1492 9.17051 0.752096
pos: 25.3664 3.05585 0.0498712
vel: 6.18062 -7.36874 -0.2324
acc: 7.8644 9.78541 0.678738
pos: 26.0165 2.36847 0.0298791
vel: 6.74856 -6.37465 -0.16896
acc: 3.5062 10.0368 0.587706
pos: 26.7018 1.78117 0.0157553
vel: 6.88891 -5.37293 -0.115214
acc: -0.641245 9.94191 0.486025
pos: 27.3811 1.29303 0.00648871
vel: 6.63618 -4.39692 -0.0718763
acc: -4.31355 9.52789 0.380676
pos: 28.0179 0.899921 0.00103136
vel: 6.04976 -3.47679 -0.038979
acc: -7.28069 8.83106 0.278285
pos: 28.5826 0.594929 -0.00163569
vel: 5.20966 -2.63864 -0.0159213
acc: -9.36154 7.89675 0.184803
pos: 29.0545 0.368751 -0.00244308
vel: 4.211 -1.90357 -0.00155451
acc: -10.4383 6.77893 0.105195
pos: 29.423 0.210262 -0.00218385
vel: 3.15689 -1.2869 0.00570401
acc: -10.4713 5.53987 0.0431222
pos: 29.6875 0.107127 -0.00147701
vel: 2.1499 -0.797307 0.00772461
acc: -9.5131 4.24973 0.000625482
pos: 29.8576 0.0465125 -0.000747409
vel: 1.28212 -0.436072 0.00648769
acc: -7.7233 2.98628 -0.0221887
pos: 29.9509 0.0158533 -0.000224976
vel: 0.623737 -0.196335 0.00387434
acc: -5.38305 1.83453 -0.0274646
pos: 29.9906 0.00370867 3.36209e-05
vel: 0.210123 -0.062388 0.00142557
acc: -2.90951 0.886338 -0.0199126
pos: 30.0007 0.000678835 9.75884e-05
vel: 0.0275397 -0.00900787 6.98923e-05
acc: -0.870358 0.240127 -0.007125
pos: 30.0012 0.000388841 8.58238e-05
vel: -0.0026547 -0.000816657 -0.000180661
acc: 0.00161985 0.000488692 0.000108533
pos: 30.0012 0.000388841 8.58238e-05
vel: -0.0026547 -0.000816657 -0.000180661
acc: 0.00161985 0.000488692 0.000108533
