minimumsnap
pos: 10 6.60478e-17 -3.66086e-18
vel: -5.20598e-13 8.37233e-18 -4.88378e-19
acc: -3.45553e-14 6.05726e-19 -3.1748e-20
pos: 10.0004 0.000207272 1.91981e-05
vel: 0.252508 0.123501 0.0114306
acc: 99.5791 48.7126 4.5019
pos: 10.0033 0.00162389 0.000150078
vel: 0.981762 0.48035 0.0443266
acc: 190.74 93.3598 8.58838
pos: 10.011 0.00536629 0.00049483
vel: 2.14631 1.05053 0.0966444
acc: 273.738 134.065 12.2729
pos: 10.0254 0.0124524 0.00114559
vel: 3.70596 1.81463 0.166408
acc: 348.826 170.95 15.5688
pos: 10.0486 0.0238045 0.0021848
vel: 5.62181 2.75387 0.251707
acc: 416.26 204.14 18.4896
pos: 10.0822 0.0402527 0.00368549
vel: 7.85623 3.85008 0.350701
acc: 476.293 233.757 21.0487
pos: 10.1277 0.0625376 0.00571167
vel: 10.3728 5.08569 0.461614
acc: 529.18 259.923 23.2595
pos: 10.1863 0.0913136 0.00831864
vel: 13.1365 6.44377 0.582738
acc: 575.175 282.763 25.1355
pos: 10.2594 0.127152 0.0115533
vel: 16.1135 7.90798 0.712433
acc: 614.533 302.399 26.69
pos: 10.3478 0.170544 0.0154546
vel: 19.2712 9.46262 0.849125
acc: 647.508 318.954 27.9366
pos: 10.4523 0.221904 0.0200537
vel: 22.5784 11.0926 0.991308
acc: 674.354 332.552 28.8886
pos: 10.5737 0.281571 0.0253745
vel: 26.005 12.7834 1.13754
acc: 695.326 343.315 29.5595
pos: 10.7125 0.349816 0.0314336
vel: 29.5223 14.5212 1.28646
acc: 710.678 351.367 29.9626
pos: 10.8691 0.42684 0.0382413
vel: 33.1028 16.2928 1.43675
acc: 720.664 356.83 30.1115
pos: 11.0436 0.512779 0.0458013
vel: 36.7204 18.0854 1.58717
acc: 725.539 359.828 30.0196
pos: 11.2363 0.607709 0.0541113
vel: 40.3501 19.8872 1.73656
acc: 725.557 360.484 29.7002
pos: 11.4471 0.711647 0.0631633
vel: 43.9683 21.6866 1.88382
acc: 720.972 358.921 29.1668
pos: 11.6759 0.824553 0.0729441
vel: 47.5526 23.4729 2.0279
acc: 712.04 355.262 28.4329
pos: 11.9225 0.946337 0.0834354
vel: 51.0819 25.2359 2.16783
acc: 699.013 349.63 27.5118
pos: 12.1866 1.07686 0.0946141
vel: 54.5363 26.9661 2.30272
acc: 682.148 342.148 26.417
pos: 12.4677 1.21593 0.106453
vel: 57.8974 28.6545 2.43174
acc: 661.697 332.94 25.1619
pos: 12.7654 1.36332 0.11892
vel: 61.1477 30.2928 2.5541
acc: 637.915 322.128 23.76
pos: 13.079 1.51876 0.131982
vel: 64.2714 31.8733 2.66911
acc: 611.057 309.835 22.2247
pos: 13.4079 1.68194 0.145598
vel: 67.2536 33.3889 2.77615
acc: 581.377 296.185 20.5694
pos: 13.7513 1.85253 0.159729
vel: 70.0809 34.8331 2.87463
acc: 549.129 281.3 18.8075
pos: 14.1084 2.03015 0.174329
vel: 72.741 36.2001 2.96407
acc: 514.569 265.304 16.9524
pos: 14.4784 2.21439 0.189354
vel: 75.2231 37.4845 3.04402
acc: 477.949 248.32 15.0177
pos: 14.8603 2.40485 0.204753
vel: 77.5175 38.6818 3.11413
acc: 439.524 230.471 13.0167
pos: 15.2533 2.60106 0.220478
vel: 79.6158 39.788 3.1741
acc: 399.55 211.879 10.9628
pos: 15.6562 2.80257 0.236477
vel: 81.5109 40.7996 3.22369
acc: 358.279 192.669 8.86951
pos: 16.068 3.00889 0.252697
vel: 83.1969 41.7138 3.26275
acc: 315.968 172.963 6.75022
pos: 16.4878 3.21954 0.269087
vel: 84.6692 42.5286 3.29118
acc: 272.869 152.884 4.61836
pos: 16.9143 3.43401 0.285591
vel: 85.9247 43.2423 3.30894
acc: 229.237 132.556 2.48736
pos: 17.3467 3.65179 0.302158
vel: 86.9611 43.8539 3.31607
acc: 185.327 112.1 0.370649
pos: 17.7836 3.87238 0.318735
vel: 87.7779 44.3633 3.31269
acc: 141.393 91.6416 -1.71834
pos: 18.2241 4.09526 0.335268
vel: 88.3754 44.7705 3.29896
acc: 97.6889 71.3024 -3.76619
pos: 18.667 4.31992 0.351707
vel: 88.7556 45.0767 3.27512
acc: 54.4698 51.2059 -5.75946
pos: 19.1113 4.54586 0.368003
vel: 88.9214 45.2832 3.24148
acc: 11.9898 31.4752 -7.68473
pos: 19.5558 4.77258 0.384106
vel: 88.8771 45.3922 3.19841
acc: -29.4969 12.2332 -9.52857
pos: 20 5.00005 0.399986
vel: 88.6286 45.4065 3.14635
acc: -69.7357 -6.39678 -11.2776
pos: 20.4421 5.22693 0.41557
vel: 88.1824 45.3294 3.08581
acc: -108.518 -24.3142 -12.9209
pos: 20.8815 5.4532 0.430831
vel: 87.5459 45.1646 3.01732
acc: -145.818 -41.5077 -14.4582
pos: 21.3172 5.67843 0.44573
vel: 86.7266 44.9155 2.9414
acc: -181.654 -57.9884 -15.8918
pos: 21.7485 5.90222 0.460233
vel: 85.7318 44.5858 2.85857
acc: -216.047 -73.7675 -17.224
pos: 22.1743 6.12416 0.474305
vel: 84.5685 44.179 2.76933
acc: -249.015 -88.8561 -18.457
pos: 22.5939 6.34389 0.487917
vel: 83.244 43.6984 2.67416
acc: -280.579 -103.265 -19.5932
pos: 23.0065 6.56103 0.501038
vel: 81.7651 43.1475 2.57355
acc: -310.757 -117.006 -20.6349
pos: 23.4113 6.77525 0.513644
vel: 80.1387 42.5294 2.46797
acc: -339.569 -130.09 -21.5843
pos: 23.8076 6.98622 0.52571
vel: 78.3716 41.8476 2.35786
acc: -367.035 -142.528 -22.4438
pos: 24.1948 7.19363 0.537216
vel: 76.4705 41.1052 2.24368
acc: -393.173 -154.331 -23.2155
pos: 24.5721 7.39718 0.548141
vel: 74.4421 40.3054 2.12585
acc: -418.004 -165.51 -23.9019
pos: 24.939 7.59659 0.558469
vel: 72.2926 39.4512 2.0048
acc: -441.547 -176.076 -24.5051
pos: 25.2948 7.7916 0.568184
vel: 70.0287 38.5456 1.88093
acc: -463.822 -186.041 -25.0276
pos: 25.6391 7.98196 0.577274
vel: 67.6565 37.5917 1.75465
acc: -484.847 -195.415 -25.4715
pos: 25.9712 8.16744 0.585727
vel: 65.1823 36.5924 1.62634
acc: -504.642 -204.211 -25.8392
pos: 26.2908 8.34782 0.593535
vel: 62.6121 35.5506 1.49638
acc: -523.227 -212.438 -26.1329
pos: 26.5972 8.52288 0.600689
vel: 59.952 34.469 1.36513
acc: -540.621 -220.108 -26.355
pos: 26.8901 8.69245 0.607185
vel: 57.2079 33.3504 1.23295
acc: -556.844 -227.232 -26.5077
pos: 27.1692 8.85633 0.613017
vel: 54.3855 32.1976 1.10017
acc: -571.914 -233.821 -26.5934
pos: 27.4339 9.01437 0.618186
vel: 51.4906 31.0131 0.967122
acc: -585.853 -239.886 -26.6143
pos: 27.684 9.16641 0.622689
vel: 48.5288 29.7995 0.83413
acc: -598.678 -245.439 -26.5726
pos: 27.9191 9.31232 0.626528
vel: 45.5056 28.5595 0.701497
acc: -610.409 -250.491 -26.4708
pos: 28.1389 9.45197 0.629705
vel: 42.4265 27.2955 0.569518
acc: -621.067 -255.052 -26.311
pos: 28.3432 9.58524 0.632224
vel: 39.2967 26.0098 0.438479
acc: -630.67 -259.134 -26.0956
pos: 28.5318 9.71203 0.634092
vel: 36.1215 24.7049 0.308651
acc: -639.237 -262.748 -25.8269
pos: 28.7044 9.83226 0.635313
vel: 32.906 23.3831 0.180295
acc: -646.789 -265.905 -25.5071
pos: 28.8608 9.94584 0.635898
vel: 29.6553 22.0466 0.053661
acc: -653.345 -268.616 -25.1386
pos: 29.0009 10.0527 0.635853
vel: 26.3742 20.6976 -0.0710133
acc: -658.924 -270.892 -24.7236
pos: 29.1245 10.1528 0.635191
vel: 23.0677 19.3384 -0.193501
acc: -663.545 -272.745 -24.2644
pos: 29.2315 10.2461 0.633922
vel: 19.7403 17.9709 -0.313588
acc: -667.228 -274.185 -23.7633
pos: 29.3219 10.3325 0.632059
vel: 16.3969 16.5972 -0.431068
acc: -669.993 -275.224 -23.2226
pos: 29.3955 10.412 0.629616
vel: 13.0419 15.2193 -0.545752
acc: -671.859 -275.873 -22.6447
pos: 29.4523 10.4847 0.626607
vel: 9.67978 13.8391 -0.657457
acc: -672.846 -276.143 -22.0316
pos: 29.4923 10.5504 0.623047
vel: 6.31488 12.4585 -0.766014
acc: -672.972 -276.044 -21.3859
pos: 29.5154 10.6093 0.618952
vel: 2.95146 11.0792 -0.871265
acc: -672.257 -275.589 -20.7097
pos: 29.5218 10.6612 0.61434
vel: -0.406322 9.70316 -0.973064
acc: -670.722 -274.788 -20.0054
pos: 29.5114 10.7063 0.609228
vel: -3.75442 8.33192 -1.07128
acc: -668.384 -273.653 -19.2751
pos: 29.4843 10.7446 0.603633
vel: -7.08886 6.96717 -1.16578
acc: -665.264 -272.194 -18.5214
pos: 29.4405 10.776 0.597576
vel: -10.4058 5.6105 -1.25645
acc: -661.382 -270.422 -17.7463
pos: 29.3803 10.8007 0.591075
vel: -13.7014 4.26345 -1.34321
acc: -656.756 -268.35 -16.9522
pos: 29.3036 10.8187 0.584151
vel: -16.9721 2.92749 -1.42595
acc: -651.406 -265.987 -16.1415
pos: 29.2106 10.83 0.576823
vel: -20.2143 1.60405 -1.5046
acc: -645.352 -263.345 -15.3163
pos: 29.1015 10.8347 0.569112
vel: -23.4245 0.294486 -1.57909
acc: -638.612 -260.435 -14.479
pos: 28.9764 10.8329 0.561039
vel: -26.5993 -0.99988 -1.64937
acc: -631.207 -257.269 -13.6318
pos: 28.8355 10.8247 0.552625
vel: -29.7355 -2.27779 -1.7154
acc: -623.156 -253.857 -12.7771
pos: 28.6791 10.8102 0.543892
vel: -32.8299 -3.53806 -1.77713
acc: -614.479 -250.21 -11.9172
pos: 28.5073 10.7894 0.534861
vel: -35.8793 -4.77953 -1.83456
acc: -605.194 -246.34 -11.0542
pos: 28.3204 10.7624 0.525554
vel: -38.8808 -6.00111 -1.88767
acc: -595.321 -242.258 -10.1906
pos: 28.1186 10.7294 0.515992
vel: -41.8316 -7.20177 -1.93647
acc: -584.88 -237.975 -9.32863
pos: 27.9022 10.6905 0.506196
vel: -44.7287 -8.38054 -1.98097
acc: -573.89 -233.501 -8.47053
pos: 27.6714 10.6456 0.496189
vel: -47.5696 -9.53648 -2.02119
acc: -562.371 -228.849 -7.61863
pos: 27.4266 10.5951 0.485991
vel: -50.3516 -10.6687 -2.05717
acc: -550.342 -224.029 -6.7752
pos: 27.168 10.539 0.475624
vel: -53.0722 -11.7765 -2.08896
acc: -537.822 -219.052 -5.94254
pos: 26.896 10.4774 0.465109
vel: -55.729 -12.859 -2.11661
acc: -524.832 -213.93 -5.12293
pos: 26.6108 10.4105 0.454465
vel: -58.3197 -13.9156 -2.14021
acc: -511.39 -208.673 -4.31868
pos: 26.3129 10.3383 0.443713
vel: -60.8422 -14.9455 -2.15983
acc: -497.516 -203.293 -3.53206
pos: 26.0025 10.261 0.432873
vel: -63.2942 -15.9483 -2.17557
acc: -483.229 -197.8 -2.76537
pos: 25.6801 10.1789 0.421964
vel: -65.6738 -16.9234 -2.18752
acc: -468.549 -192.207 -2.02089
pos: 25.3459 10.0919 0.411004
vel: -67.9791 -17.8702 -2.19582
acc: -453.495 -186.524 -1.30092
pos: 25 9.99999 0.399999
vel: -70.2083 -18.7884 -2.20058
acc: -438.087 -180.762 -0.607746
pos: 24.6436 9.90382 0.388991
vel: -72.3595 -19.6777 -2.20195
acc: -422.344 -174.932 0.0568978
pos: 24.2766 9.80327 0.377985
vel: -74.4312 -20.5376 -2.20006
acc: -406.283 -169.04 0.692921
pos: 23.8994 9.69849 0.366996
vel: -76.4218 -21.368 -2.19506
acc: -389.922 -163.088 1.30079
pos: 23.5125 9.58964 0.356039
vel: -78.3299 -22.1684 -2.1871
acc: -373.275 -157.082 1.88098
pos: 23.1162 9.47686 0.345129
vel: -80.1541 -22.9387 -2.1763
acc: -356.361 -151.026 2.43395
pos: 22.7111 9.3603 0.334281
vel: -81.8931 -23.6786 -2.1628
acc: -339.195 -144.924 2.96018
pos: 22.2975 9.24012 0.323506
vel: -83.5457 -24.3879 -2.14674
acc: -321.795 -138.781 3.46013
pos: 21.8758 9.11647 0.312817
vel: -85.1107 -25.0663 -2.12824
acc: -304.178 -132.601 3.93427
pos: 21.4465 8.98951 0.302227
vel: -86.5871 -25.7138 -2.10744
acc: -286.36 -126.388 4.38308
pos: 21.0101 8.85939 0.291746
vel: -87.974 -26.3302 -2.08445
acc: -268.358 -120.148 4.80701
pos: 20.5669 8.72626 0.281386
vel: -89.2704 -26.9153 -2.05941
acc: -250.189 -113.884 5.20654
pos: 20.1175 8.59029 0.271156
vel: -90.4756 -27.469 -2.03243
acc: -231.869 -107.602 5.58215
pos: 19.6623 8.45162 0.261065
vel: -91.5889 -27.9913 -2.00363
acc: -213.416 -101.304 5.93428
pos: 19.2018 8.31043 0.251122
vel: -92.6096 -28.482 -1.97312
acc: -194.845 -94.9965 6.26343
pos: 18.7364 8.16685 0.241336
vel: -93.5372 -28.9412 -1.94103
acc: -176.175 -88.6829 6.57004
pos: 18.2666 8.02107 0.231714
vel: -94.3712 -29.3688 -1.90746
acc: -157.421 -82.368 6.8546
pos: 17.7928 7.87322 0.222264
vel: -95.1113 -29.7649 -1.87252
acc: -138.6 -76.0562 7.11758
pos: 17.3156 7.72347 0.212991
vel: -95.7571 -30.1294 -1.83632
acc: -119.73 -69.7518 7.35943
pos: 16.8354 7.57198 0.203902
vel: -96.3085 -30.4624 -1.79896
acc: -100.826 -63.4593 7.58063
pos: 16.3527 7.4189 0.195003
vel: -96.7654 -30.764 -1.76055
acc: -81.9059 -57.1831 7.78166
pos: 15.8679 7.26439 0.186299
vel: -97.1276 -31.0343 -1.72118
acc: -62.9863 -50.9277 7.96296
pos: 15.3816 7.10861 0.177793
vel: -97.3953 -31.2734 -1.68095
acc: -44.0839 -44.6974 8.12503
pos: 14.8941 6.95171 0.16949
vel: -97.5685 -31.4813 -1.63996
acc: -25.2154 -38.4968 8.26832
pos: 14.406 6.79385 0.161394
vel: -97.6475 -31.6584 -1.5983
acc: -6.39765 -32.3302 8.39331
pos: 13.9178 6.63518 0.153508
vel: -97.6326 -31.8047 -1.55606
acc: 12.3527 -26.202 8.50046
pos: 13.4299 6.47585 0.145835
vel: -97.5241 -31.9205 -1.51332
acc: 31.0187 -20.1167 8.59024
pos: 12.9427 6.31602 0.138376
vel: -97.3226 -32.0059 -1.47018
acc: 49.5838 -14.0788 8.66312
pos: 12.4568 6.15584 0.131133
vel: -97.0285 -32.0613 -1.42672
acc: 68.0311 -8.09252 8.71957
pos: 11.9726 5.99546 0.124109
vel: -96.6425 -32.087 -1.38301
acc: 86.3439 -2.16245 8.76006
pos: 11.4905 5.83502 0.117304
vel: -96.1653 -32.0831 -1.33914
acc: 104.505 3.70702 8.78506
pos: 11.0111 5.67467 0.110718
vel: -95.5977 -32.05 -1.29519
acc: 122.499 9.51148 8.79504
pos: 10.5347 5.51457 0.104352
vel: -94.9406 -31.9881 -1.25122
acc: 140.308 15.2465 8.79046
pos: 10.0618 5.35484 0.0982055
vel: -94.195 -31.8977 -1.20731
acc: 157.915 20.9076 8.77179
pos: 9.59288 5.19564 0.0922785
vel: -93.3618 -31.7791 -1.16352
acc: 175.303 26.4905 8.73951
pos: 9.12834 5.0371 0.08657
vel: -92.4423 -31.6329 -1.11993
acc: 192.457 31.9906 8.69408
pos: 8.6686 4.87935 0.0810787
vel: -91.4377 -31.4594 -1.0766
acc: 209.358 37.4036 8.63597
pos: 8.2141 4.72255 0.0758034
vel: -90.3492 -31.259 -1.03359
acc: 225.992 42.725 8.56565
pos: 7.76525 4.56681 0.0707422
vel: -89.1782 -31.0323 -0.990965
acc: 242.339 47.9504 8.48358
pos: 7.32245 4.41227 0.065893
vel: -87.9263 -30.7797 -0.948776
acc: 258.385 53.0754 8.39025
pos: 6.88612 4.25905 0.0612536
vel: -86.5949 -30.5017 -0.907081
acc: 274.111 58.0955 8.28611
pos: 6.45663 4.10729 0.0568213
vel: -85.1857 -30.1989 -0.865932
acc: 289.502 63.0063 8.17164
pos: 6.03439 3.95711 0.0525933
vel: -83.7005 -29.8718 -0.825381
acc: 304.54 67.8034 8.0473
pos: 5.61975 3.80861 0.0485664
vel: -82.1409 -29.5211 -0.785475
acc: 319.209 72.4824 7.91356
pos: 5.2131 3.66193 0.0447374
vel: -80.509 -29.1472 -0.74626
acc: 333.493 77.0388 7.7709
pos: 4.81478 3.51718 0.0411026
vel: -78.8067 -28.7509 -0.70778
acc: 347.373 81.4683 7.61977
pos: 4.42515 3.37446 0.0376583
vel: -77.036 -28.3327 -0.670076
acc: 360.834 85.7663 7.46066
pos: 4.04453 3.23389 0.0344005
vel: -75.1991 -27.8934 -0.633186
acc: 373.858 89.9285 7.29402
pos: 3.67326 3.09556 0.031325
vel: -73.2982 -27.4337 -0.597147
acc: 386.43 93.9504 7.12034
pos: 3.31165 2.95958 0.0284275
vel: -71.3356 -26.9542 -0.561994
acc: 398.531 97.8276 6.94006
pos: 2.96001 2.82605 0.0257035
vel: -69.3137 -26.4557 -0.527757
acc: 410.146 101.556 6.75368
pos: 2.61861 2.69506 0.0231484
vel: -67.2349 -25.9389 -0.494466
acc: 421.258 105.13 6.56164
pos: 2.28775 2.56669 0.0207572
vel: -65.102 -25.4046 -0.462149
acc: 431.85 108.547 6.36443
pos: 1.96768 2.44104 0.0185252
vel: -62.9173 -24.8537 -0.43083
acc: 441.904 111.801 6.16252
pos: 1.65865 2.31818 0.0164472
vel: -60.6838 -24.2869 -0.400531
acc: 451.406 114.888 5.95636
pos: 1.36092 2.19819 0.0145182
vel: -58.4042 -23.7051 -0.371272
acc: 460.336 117.804 5.74643
pos: 1.07468 2.08115 0.0127328
vel: -56.0814 -23.1091 -0.343072
acc: 468.68 120.545 5.5332
pos: 0.800168 1.96713 0.0110857
vel: -53.7184 -22.4999 -0.315945
acc: 476.419 123.105 5.31714
pos: 0.537561 1.85617 0.00957149
vel: -51.3183 -21.8784 -0.289905
acc: 483.538 125.481 5.09871
pos: 0.287042 1.74836 0.00818479
vel: -48.8841 -21.2454 -0.264961
acc: 490.019 127.668 4.87839
pos: 0.0487712 1.64374 0.00692004
vel: -46.4192 -20.602 -0.241123
acc: 495.847 129.661 4.65664
pos: -0.177104 1.54236 0.0057717
vel: -43.9268 -19.9492 -0.218396
acc: 501.003 131.456 4.43394
pos: -0.390456 1.44426 0.00473422
vel: -41.4103 -19.2878 -0.196785
acc: 505.471 133.05 4.21074
pos: -0.591173 1.34949 0.003802
vel: -38.8732 -18.619 -0.176289
acc: 509.235 134.436 3.98753
pos: -0.77916 1.25808 0.00296947
vel: -36.3192 -17.9438 -0.156909
acc: 512.277 135.612 3.76477
pos: -0.954342 1.17006 0.00223106
vel: -33.7517 -17.2633 -0.13864
acc: 514.582 136.572 3.54292
pos: -1.11666 1.08546 0.00158122
vel: -31.1746 -16.5784 -0.121477
acc: 516.132 137.312 3.32246
pos: -1.26608 1.00428 0.00101446
vel: -28.5917 -15.8905 -0.105412
acc: 516.91 137.828 3.10386
pos: -1.40257 0.926553 0.00052529
vel: -26.0068 -15.2006 -0.0904346
acc: 516.899 138.115 2.88758
pos: -1.52615 0.852278 0.000108319
vel: -23.424 -14.5097 -0.0765317
acc: 516.084 138.169 2.6741
pos: -1.63683 0.781455 -0.000241793
vel: -20.8473 -13.8193 -0.0636882
acc: 514.447 137.985 2.46388
pos: -1.73464 0.714082 -0.0005303
vel: -18.2809 -13.1303 -0.0518867
acc: 511.971 137.559 2.25739
pos: -1.81966 0.650148 -0.000762364
vel: -15.7291 -12.4441 -0.0411074
acc: 508.64 136.886 2.0551
pos: -1.89196 0.589635 -0.000943041
vel: -13.196 -11.7619 -0.031328
acc: 504.436 135.963 1.85748
pos: -1.95166 0.53252 -0.00107727
vel: -10.6862 -11.0849 -0.022524
acc: 499.344 134.784 1.665
pos: -1.99887 0.478775 -0.00116986
vel: -8.20408 -10.4145 -0.0146687
acc: 493.345 133.345 1.47812
pos: -2.03375 0.428363 -0.00122549
vel: -5.75426 -9.75188 -0.00773267
acc: 486.425 131.642 1.29732
pos: -2.05647 0.381241 -0.00124867
vel: -3.3414 -9.09848 -0.00168452
acc: 478.565 129.671 1.12307
pos: -2.06724 0.33736 -0.00124376
vel: -0.970209 -8.45563 0.00350971
acc: 469.749 127.426 0.955828
pos: -2.06625 0.296665 -0.00121493
vel: 1.35447 -7.82468 0.00788624
acc: 459.96 124.904 0.79607
pos: -2.05378 0.259091 -0.00116619
vel: 3.62775 -7.20705 0.0114837
acc: 449.182 122.1 0.644264
pos: -2.03007 0.22457 -0.00110133
vel: 5.84462 -6.60416 0.0143429
acc: 437.398 119.01 0.500878
pos: -1.99543 0.193023 -0.00102392
vel: 8.00002 -6.01744 0.0165073
acc: 424.59 115.629 0.366381
pos: -1.95018 0.164366 -0.000937338
vel: 10.0888 -5.44836 0.0180223
acc: 410.743 111.952 0.241242
pos: -1.89466 0.138507 -0.000844702
vel: 12.1057 -4.89842 0.018936
acc: 395.839 107.976 0.125929
pos: -1.82925 0.115347 -0.000748896
vel: 14.0454 -4.36911 0.0192988
acc: 379.862 103.696 0.0209131
pos: -1.75435 0.0947793 -0.000652545
vel: 15.9025 -3.86197 0.0191631
acc: 362.794 99.108 -0.0733385
pos: -1.67038 0.0766882 -0.000558004
vel: 17.6715 -3.37855 0.0185841
acc: 344.62 94.2066 -0.156357
pos: -1.57779 0.0609517 -0.000467347
vel: 19.3468 -2.92043 0.0176191
acc: 325.322 88.9879 -0.227672
pos: -1.47707 0.0474391 -0.000382357
vel: 20.9228 -2.48921 0.0163277
acc: 304.884 83.4474 -0.286817
pos: -1.36874 0.0360121 -0.000304511
vel: 22.3937 -2.0865 0.014772
acc: 283.288 77.5808 -0.333321
pos: -1.25332 0.0265239 -0.000234971
vel: 23.7537 -1.71395 0.0130163
acc: 260.519 71.3835 -0.366716
pos: -1.13139 0.0188196 -0.000174571
vel: 24.9969 -1.37322 0.0111274
acc: 236.559 64.8512 -0.386533
pos: -1.00356 0.0127358 -0.000123804
vel: 26.1173 -1.066 0.00917438
acc: 211.391 57.9794 -0.392304
pos: -0.870436 0.00810084 -8.28148e-05
vel: 27.1088 -0.794 0.00722858
acc: 184.999 50.7637 -0.383558
pos: -0.732693 0.00473423 -5.13833e-05
vel: 27.9652 -0.558945 0.00536377
acc: 157.366 43.1997 -0.359828
pos: -0.591019 0.00244689 -2.89153e-05
vel: 28.6804 -0.362591 0.00365605
acc: 128.476 35.283 -0.320645
pos: -0.446136 0.00104087 -1.44303e-05
vel: 29.2479 -0.206711 0.00218386
acc: 98.3104 27.0091 -0.26554
pos: -0.298797 0.000309328 -6.54968e-06
vel: 29.6613 -0.0931026 0.00102798
acc: 66.8539 18.3736 -0.194043
pos: -0.14979 3.63611e-05 -3.48497e-06
vel: 29.9142 -0.0235853 0.000271533
acc: 34.0894 9.372 -0.105686
pos: 6.65606e-05 -3.07727e-06 -3.0263e-06
vel: 30 2.27374e-12 2.27374e-13
acc: 5.09317e-11 1.81899e-12 0
