pos: 10 1.04256e-16 -3.66086e-18
vel: 8.15257e-18 1.23837e-17 -4.88378e-19
acc: 3.63416e-19 9.19038e-19 -3.1748e-20
pos: 10.0005 0.000207282 1.91981e-05
vel: 0.28239 0.123507 0.0114306
acc: 111.224 48.7149 4.5019
pos: 10.0037 0.00162397 0.000150078
vel: 1.09519 0.480373 0.0443266
acc: 212.221 93.3642 8.58838
pos: 10.0122 0.00536654 0.00049483
vel: 2.38811 1.05058 0.0966444
acc: 303.326 134.071 12.2729
pos: 10.0283 0.0124529 0.00114559
vel: 4.11252 1.81472 0.166408
acc: 384.87 170.959 15.5688
pos: 10.054 0.0238056 0.0021848
vel: 6.22143 2.754 0.251707
acc: 457.187 204.15 18.4896
pos: 10.0911 0.0402546 0.00368549
vel: 8.66956 3.85026 0.350701
acc: 520.609 233.768 21.0487
pos: 10.1412 0.0625405 0.00571167
vel: 11.4133 5.08593 0.461614
acc: 575.471 259.935 23.2595
pos: 10.2056 0.0913179 0.00831864
vel: 14.4106 6.44407 0.582738
acc: 622.104 282.776 25.1355
pos: 10.2856 0.127158 0.0115533
vel: 17.6211 7.90835 0.712433
acc: 660.843 302.413 26.69
pos: 10.3821 0.170552 0.0154546
vel: 21.0064 9.46306 0.849125
acc: 692.019 318.969 27.9366
pos: 10.4959 0.221914 0.0200537
vel: 24.5293 11.0931 0.991308
acc: 715.965 332.567 28.8886
pos: 10.6276 0.281585 0.0253745
vel: 28.1545 12.784 1.13754
acc: 733.016 343.331 29.5595
pos: 10.7776 0.349833 0.0314336
vel: 31.8485 14.5219 1.28646
acc: 743.503 351.383 29.9626
pos: 10.9462 0.42686 0.0382413
vel: 35.5792 16.2935 1.43675
acc: 747.761 356.846 30.1115
pos: 11.1334 0.512803 0.0458013
vel: 39.3163 18.0863 1.58717
acc: 746.121 359.845 30.0196
pos: 11.3393 0.607737 0.0541113
vel: 43.0311 19.8881 1.73656
acc: 738.916 360.501 29.7002
pos: 11.5636 0.71168 0.0631633
vel: 46.6967 21.6876 1.88382
acc: 726.481 358.937 29.1668
pos: 11.8061 0.824591 0.0729441
vel: 50.2878 23.4739 2.0279
acc: 709.147 355.278 28.4329
pos: 12.0663 0.94638 0.0834354
vel: 53.7806 25.2371 2.16783
acc: 687.248 349.645 27.5118
pos: 12.3437 1.07691 0.0946141
vel: 57.1532 26.9673 2.30272
acc: 661.117 342.163 26.417
pos: 12.6376 1.21598 0.106453
vel: 60.3853 28.6558 2.43174
acc: 631.087 332.954 25.1619
pos: 12.9473 1.36338 0.11892
vel: 63.4581 30.2942 2.5541
acc: 597.49 322.141 23.76
pos: 13.2719 1.51883 0.131982
vel: 66.3548 31.8747 2.66911
acc: 560.66 309.848 22.2247
pos: 13.6105 1.68202 0.145598
vel: 69.0599 33.3904 2.77615
acc: 520.93 296.197 20.5694
pos: 13.9622 1.85261 0.159729
vel: 71.5598 34.8347 2.87463
acc: 478.633 281.311 18.8075
pos: 14.3258 2.03024 0.174329
vel: 73.8425 36.2017 2.96407
acc: 434.101 265.314 16.9524
pos: 14.7002 2.21449 0.189354
vel: 75.8976 37.4862 3.04402
acc: 387.668 248.329 15.0177
pos: 15.0844 2.40495 0.204753
vel: 77.7166 38.6835 3.11413
acc: 339.667 230.479 13.0167
pos: 15.477 2.60118 0.220478
vel: 79.2922 39.7897 3.1741
acc: 290.431 211.887 10.9628
pos: 15.8769 2.80269 0.236477
vel: 80.6194 40.8013 3.22369
acc: 240.292 192.676 8.86951
pos: 16.2828 3.00903 0.252697
vel: 81.6942 41.7156 3.26275
acc: 189.585 172.968 6.75022
pos: 16.6934 3.21968 0.269087
vel: 82.5148 42.5304 3.29118
acc: 138.641 152.888 4.61836
pos: 17.1075 3.43416 0.285591
vel: 83.0808 43.2441 3.30894
acc: 87.7932 132.559 2.48736
pos: 17.5238 3.65196 0.302158
vel: 83.3935 43.8558 3.31607
acc: 37.3755 112.102 0.370649
pos: 17.941 3.87255 0.318735
vel: 83.4558 44.3651 3.31269
acc: -12.2793 91.6426 -1.71834
pos: 18.3579 4.09544 0.335268
vel: 83.2725 44.7724 3.29896
acc: -60.8385 71.3024 -3.76619
pos: 18.7733 4.32011 0.351707
vel: 82.8498 45.0786 3.27512
acc: -107.969 51.2049 -5.75946
pos: 19.186 4.54606 0.368003
vel: 82.1957 45.2851 3.24148
acc: -153.338 31.4731 -7.68473
pos: 19.5949 4.77279 0.384106
vel: 81.3199 45.3941 3.19841
acc: -196.612 12.2301 -9.52857
pos: 20 4.99999 0.399986
vel: 80.2336 45.4084 3.14635
acc: -237.458 -6.40087 -11.2776
pos: 20.3981 5.22688 0.41557
vel: 78.9498 45.3313 3.08581
acc: -275.609 -24.3192 -12.9209
pos: 20.7892 5.45316 0.430831
vel: 77.482 45.1664 3.01732
acc: -311.062 -41.5136 -14.4582
pos: 21.1726 5.6784 0.44573
vel: 75.8435 44.9173 2.9414
acc: -343.879 -57.9952 -15.8918
pos: 21.5474 5.9022 0.460233
vel: 74.0475 44.5876 2.85857
acc: -374.122 -73.7751 -17.224
pos: 21.9128 6.12415 0.474305
vel: 72.1065 44.1807 2.76933
acc: -401.853 -88.8645 -18.457
pos: 22.2682 6.34388 0.487917
vel: 70.033 43.7001 2.67416
acc: -427.134 -103.274 -19.5932
pos: 22.613 6.56103 0.501038
vel: 67.8391 43.1491 2.57355
acc: -450.029 -117.016 -20.6349
pos: 22.9464 6.77526 0.513644
vel: 65.5366 42.531 2.46797
acc: -470.598 -130.101 -21.5843
pos: 23.2682 6.98624 0.52571
vel: 63.1369 41.8492 2.35786
acc: -488.904 -142.539 -22.4438
pos: 23.5777 7.19365 0.537216
vel: 60.6512 41.1067 2.24368
acc: -505.011 -154.342 -23.2155
pos: 23.8745 7.39721 0.548141
vel: 58.0904 40.3068 2.12585
acc: -518.978 -165.522 -23.9019
pos: 24.1585 7.59663 0.558469
vel: 55.4649 39.4525 2.0048
acc: -530.87 -176.089 -24.5051
pos: 24.4291 7.79165 0.568184
vel: 52.785 38.5469 1.88093
acc: -540.749 -186.054 -25.0276
pos: 24.6862 7.98202 0.577274
vel: 50.0607 37.5929 1.75465
acc: -548.675 -195.429 -25.4715
pos: 24.9297 8.1675 0.585727
vel: 47.3014 36.5936 1.62634
acc: -554.713 -204.225 -25.8392
pos: 25.1592 8.34788 0.593535
vel: 44.5166 35.5516 1.49638
acc: -558.923 -212.452 -26.1329
pos: 25.3748 8.52295 0.600689
vel: 41.7151 34.47 1.36513
acc: -561.369 -220.123 -26.355
pos: 25.5763 8.69252 0.607185
vel: 38.9057 33.3513 1.23295
acc: -562.112 -227.247 -26.5077
pos: 25.7639 8.85641 0.613017
vel: 36.0968 32.1984 1.10017
acc: -561.215 -233.836 -26.5934
pos: 25.9373 9.01445 0.618186
vel: 33.2962 31.0138 0.967122
acc: -558.74 -239.902 -26.6143
pos: 26.0968 9.1665 0.622689
vel: 30.5119 29.8002 0.83413
acc: -554.749 -245.455 -26.5726
pos: 26.2425 9.31241 0.626528
vel: 27.7512 28.5601 0.701497
acc: -549.305 -250.507 -26.4708
pos: 26.3744 9.45206 0.629705
vel: 25.0212 27.296 0.569518
acc: -542.469 -255.069 -26.311
pos: 26.4928 9.58533 0.632224
vel: 22.3287 26.0102 0.438479
acc: -534.305 -259.151 -26.0956
pos: 26.5978 9.71213 0.634092
vel: 19.6802 24.7052 0.308651
acc: -524.873 -262.765 -25.8269
pos: 26.6896 9.83236 0.635313
vel: 17.0819 23.3833 0.180295
acc: -514.238 -265.922 -25.5071
pos: 26.7687 9.94594 0.635898
vel: 14.5397 22.0468 0.053661
acc: -502.46 -268.633 -25.1386
pos: 26.8351 10.0528 0.635853
vel: 12.0592 20.6977 -0.0710133
acc: -489.601 -270.91 -24.7236
pos: 26.8894 10.1529 0.635191
vel: 9.64542 19.3384 -0.193501
acc: -475.726 -272.762 -24.2644
pos: 26.9317 10.2462 0.633922
vel: 7.30349 17.9708 -0.313588
acc: -460.894 -274.203 -23.7633
pos: 26.9625 10.3326 0.632059
vel: 5.03797 16.597 -0.431068
acc: -445.17 -275.242 -23.2226
pos: 26.9822 10.4121 0.629616
vel: 2.85318 15.219 -0.545752
acc: -428.614 -275.891 -22.6447
pos: 26.9912 10.4848 0.626607
vel: 0.753115 13.8387 -0.657457
acc: -411.289 -276.16 -22.0316
pos: 26.9899 10.5505 0.623047
vel: -1.25854 12.458 -0.766014
acc: -393.258 -276.062 -21.3859
pos: 26.9788 10.6094 0.618952
vel: -3.1784 11.0787 -0.871265
acc: -374.583 -275.607 -20.7097
pos: 26.9583 10.6613 0.61434
vel: -5.0034 9.70255 -0.973064
acc: -355.326 -274.806 -20.0054
pos: 26.9289 10.7064 0.609228
vel: -6.73079 8.33123 -1.07128
acc: -335.549 -273.67 -19.2751
pos: 26.8911 10.7446 0.603633
vel: -8.35812 6.96639 -1.16578
acc: -315.314 -272.211 -18.5214
pos: 26.8455 10.7761 0.597576
vel: -9.88327 5.60964 -1.25645
acc: -294.684 -270.439 -17.7463
pos: 26.7925 10.8008 0.591075
vel: -11.3044 4.2625 -1.34321
acc: -273.722 -268.367 -16.9522
pos: 26.7326 10.8187 0.584151
vel: -12.62 2.92646 -1.42595
acc: -252.488 -266.004 -16.1415
pos: 26.6665 10.83 0.576823
vel: -13.8289 1.60293 -1.5046
acc: -231.046 -263.362 -15.3163
pos: 26.5945 10.8348 0.569112
vel: -14.9302 0.293285 -1.57909
acc: -209.457 -260.452 -14.479
pos: 26.5173 10.833 0.561039
vel: -15.9234 -1.00116 -1.64937
acc: -187.785 -257.285 -13.6318
pos: 26.4355 10.8248 0.552625
vel: -16.8081 -2.27916 -1.7154
acc: -166.09 -253.873 -12.7771
pos: 26.3494 10.8102 0.543892
vel: -17.5843 -3.5395 -1.77713
acc: -144.436 -250.226 -11.9172
pos: 26.2598 10.7894 0.534861
vel: -18.2526 -4.78104 -1.83456
acc: -122.885 -246.356 -11.0542
pos: 26.1671 10.7625 0.525554
vel: -18.8135 -6.0027 -1.88767
acc: -101.499 -242.273 -10.1906
pos: 26.0718 10.7294 0.515992
vel: -19.268 -7.20344 -1.93647
acc: -80.3399 -237.99 -9.32863
pos: 25.9746 10.6905 0.506196
vel: -19.6174 -8.38228 -1.98097
acc: -59.4703 -233.516 -8.47053
pos: 25.8758 10.6456 0.496189
vel: -19.8632 -9.5383 -2.02119
acc: -38.9524 -228.863 -7.61863
pos: 25.7761 10.5951 0.485991
vel: -20.0076 -10.6706 -2.05717
acc: -18.8484 -224.043 -6.7752
pos: 25.6759 10.539 0.475624
vel: -20.0525 -11.7785 -2.08896
acc: 0.77931 -219.066 -5.94254
pos: 25.5758 10.4774 0.465109
vel: -20.0007 -12.861 -2.11661
acc: 19.8686 -213.943 -5.12293
pos: 25.4761 10.4104 0.454465
vel: -19.8548 -13.9177 -2.14021
acc: 38.3572 -208.686 -4.31868
pos: 25.3774 10.3382 0.443713
vel: -19.6182 -14.9477 -2.15983
acc: 56.1829 -203.305 -3.53206
pos: 25.2801 10.261 0.432873
vel: -19.2942 -15.9505 -2.17557
acc: 73.2834 -197.813 -2.76537
pos: 25.1846 10.1788 0.421964
vel: -18.8867 -16.9257 -2.18752
acc: 89.5965 -192.219 -2.02089
pos: 25.0913 10.0918 0.411004
vel: -18.3997 -17.8726 -2.19582
acc: 105.06 -186.535 -1.30092
pos: 25.0002 10 0.399999
vel: -17.8375 -18.7909 -2.20058
acc: 119.611 -180.773 -0.607746
pos: 24.9125 9.90382 0.388991
vel: -17.2051 -19.6802 -2.20195
acc: 133.205 -174.941 0.0568978
pos: 24.8282 9.80326 0.377985
vel: -16.5071 -20.5402 -2.20006
acc: 145.845 -169.046 0.692921
pos: 24.7476 9.69847 0.366996
vel: -15.7482 -21.3705 -2.19506
acc: 157.551 -163.092 1.30079
pos: 24.6708 9.5896 0.356039
vel: -14.9331 -22.171 -2.1871
acc: 168.342 -157.083 1.88098
pos: 24.5983 9.47681 0.345129
vel: -14.0663 -22.9413 -2.1763
acc: 178.24 -151.025 2.43395
pos: 24.5303 9.36024 0.334281
vel: -13.1522 -23.6812 -2.1628
acc: 187.263 -144.921 2.96018
pos: 24.4669 9.24005 0.323506
vel: -12.1951 -24.3904 -2.14674
acc: 195.432 -138.776 3.46013
pos: 24.4084 9.11639 0.312817
vel: -11.1992 -25.0689 -2.12824
acc: 202.768 -132.594 3.93427
pos: 24.3549 8.98941 0.302227
vel: -10.1688 -25.7163 -2.10744
acc: 209.289 -126.38 4.38308
pos: 24.3067 8.85928 0.291746
vel: -9.10766 -26.3326 -2.08445
acc: 215.017 -120.138 4.80701
pos: 24.2639 8.72614 0.281386
vel: -8.01987 -26.9177 -2.05941
acc: 219.971 -113.873 5.20654
pos: 24.2266 8.59015 0.271156
vel: -6.9092 -27.4713 -2.03243
acc: 224.172 -107.588 5.58215
pos: 24.1948 8.45148 0.261065
vel: -5.77937 -27.9935 -2.00363
acc: 227.639 -101.29 5.93428
pos: 24.1688 8.31027 0.251122
vel: -4.634 -28.4842 -1.97312
acc: 230.392 -94.9807 6.26343
pos: 24.1485 8.16669 0.241336
vel: -3.4766 -28.9433 -1.94103
acc: 232.453 -88.6661 6.57004
pos: 24.1341 8.02089 0.231714
vel: -2.3106 -29.3709 -1.90746
acc: 233.839 -82.3502 6.8546
pos: 24.1254 7.87303 0.222264
vel: -1.1393 -29.7668 -1.87252
acc: 234.573 -76.0375 7.11758
pos: 24.1227 7.72327 0.212991
vel: 0.0340737 -30.1312 -1.83632
acc: 234.673 -69.7323 7.35943
pos: 24.1258 7.57177 0.203902
vel: 1.20641 -30.4642 -1.79896
acc: 234.16 -63.439 7.58063
pos: 24.1347 7.41868 0.195003
vel: 2.37468 -30.7657 -1.76055
acc: 233.054 -57.1623 7.78166
pos: 24.1495 7.26417 0.186299
vel: 3.53599 -31.0358 -1.72118
acc: 231.375 -50.9063 7.96296
pos: 24.1701 7.10838 0.177793
vel: 4.68751 -31.2748 -1.68095
acc: 229.143 -44.6756 8.12503
pos: 24.1964 6.95147 0.16949
vel: 5.82653 -31.4826 -1.63996
acc: 226.378 -38.4746 8.26832
pos: 24.2283 6.7936 0.161394
vel: 6.95043 -31.6596 -1.5983
acc: 223.1 -32.3077 8.39331
pos: 24.2658 6.63493 0.153508
vel: 8.0567 -31.8058 -1.55606
acc: 219.329 -26.1793 8.50046
pos: 24.3088 6.4756 0.145835
vel: 9.14293 -31.9214 -1.51332
acc: 215.086 -20.0939 8.59024
pos: 24.3572 6.31576 0.138376
vel: 10.2068 -32.0068 -1.47018
acc: 210.39 -14.0559 8.66312
pos: 24.4109 6.15558 0.131133
vel: 11.2461 -32.0621 -1.42672
acc: 205.262 -8.06963 8.71957
pos: 24.4696 5.99519 0.124109
vel: 12.2587 -32.0876 -1.38301
acc: 199.721 -2.13963 8.76006
pos: 24.5334 5.83475 0.117304
vel: 13.2427 -32.0836 -1.33914
acc: 193.787 3.72971 8.78506
pos: 24.602 5.6744 0.110718
vel: 14.196 -32.0504 -1.29519
acc: 187.481 9.53397 8.79504
pos: 24.6753 5.5143 0.104352
vel: 15.1169 -31.9883 -1.25122
acc: 180.823 15.2687 8.79046
pos: 24.7531 5.35457 0.0982055
vel: 16.0037 -31.8978 -1.20731
acc: 173.833 20.9296 8.77179
pos: 24.8353 5.19536 0.0922785
vel: 16.8547 -31.7792 -1.16352
acc: 166.531 26.512 8.73951
pos: 24.9216 5.03682 0.08657
vel: 17.6685 -31.6328 -1.11993
acc: 158.936 32.0118 8.69408
pos: 25.0119 4.87908 0.0810787
vel: 18.4436 -31.4592 -1.0766
acc: 151.069 37.4243 8.63597
pos: 25.106 4.72228 0.0758034
vel: 19.1788 -31.2587 -1.03359
acc: 142.951 42.7451 8.56565
pos: 25.2036 4.56654 0.0707422
vel: 19.8727 -31.0319 -0.990965
acc: 134.6 47.97 8.48358
pos: 25.3046 4.412 0.065893
vel: 20.5244 -30.7792 -0.948776
acc: 126.038 53.0943 8.39025
pos: 25.4088 4.25879 0.0612536
vel: 21.1328 -30.5012 -0.907081
acc: 117.284 58.1138 8.28611
pos: 25.5159 4.10703 0.0568213
vel: 21.697 -30.1983 -0.865932
acc: 108.358 63.024 8.17164
pos: 25.6257 3.95685 0.0525933
vel: 22.2161 -29.8711 -0.825381
acc: 99.2805 67.8204 8.0473
pos: 25.738 3.80836 0.0485664
vel: 22.6895 -29.5203 -0.785475
acc: 90.0715 72.4986 7.91356
pos: 25.8525 3.66168 0.0447374
vel: 23.1166 -29.1463 -0.74626
acc: 80.751 77.0542 7.7709
pos: 25.9691 3.51693 0.0411026
vel: 23.4969 -28.7499 -0.70778
acc: 71.339 81.4829 7.61977
pos: 26.0874 3.37422 0.0376583
vel: 23.8299 -28.3317 -0.670076
acc: 61.8556 85.7801 7.46066
pos: 26.2073 3.23365 0.0344005
vel: 24.1154 -27.8923 -0.633186
acc: 52.321 89.9414 7.29402
pos: 26.3285 3.09533 0.031325
vel: 24.3531 -27.4325 -0.597147
acc: 42.7551 93.9624 7.12034
pos: 26.4507 2.95936 0.0284275
vel: 24.5429 -26.953 -0.561994
acc: 33.178 97.8387 6.94006
pos: 26.5738 2.82583 0.0257035
vel: 24.6849 -26.4544 -0.527757
acc: 23.6098 101.566 6.75368
pos: 26.6975 2.69484 0.0231484
vel: 24.7791 -25.9376 -0.494466
acc: 14.0706 105.14 6.56164
pos: 26.8215 2.56648 0.0207572
vel: 24.8257 -25.4033 -0.462149
acc: 4.58038 108.555 6.36443
pos: 26.9457 2.44084 0.0185252
vel: 24.825 -24.8523 -0.43083
acc: -4.84074 111.808 6.16252
pos: 27.0697 2.31799 0.0164472
vel: 24.7774 -24.2855 -0.400531
acc: -14.1727 114.895 5.95636
pos: 27.1934 2.19801 0.0145182
vel: 24.6834 -23.7036 -0.371272
acc: -23.3954 117.81 5.74643
pos: 27.3165 2.08098 0.0127328
vel: 24.5437 -23.1076 -0.343072
acc: -32.4889 120.549 5.5332
pos: 27.4387 1.96696 0.0110857
vel: 24.3588 -22.4984 -0.315945
acc: -41.433 123.109 5.31714
pos: 27.56 1.85601 0.00957149
vel: 24.1296 -21.8769 -0.289905
acc: -50.2077 125.483 5.09871
pos: 27.68 1.74821 0.00818479
vel: 23.857 -21.2439 -0.264961
acc: -58.7929 127.669 4.87839
pos: 27.7985 1.64359 0.00692004
vel: 23.542 -20.6005 -0.241123
acc: -67.1685 129.662 4.65664
pos: 27.9153 1.54222 0.0057717
vel: 23.1857 -19.9476 -0.218396
acc: -75.3145 131.456 4.43394
pos: 28.0303 1.44413 0.00473422
vel: 22.7893 -19.2863 -0.196785
acc: -83.2109 133.049 4.21074
pos: 28.1431 1.34937 0.003802
vel: 22.3541 -18.6175 -0.176289
acc: -90.8374 134.435 3.98753
pos: 28.2537 1.25796 0.00296947
vel: 21.8814 -17.9423 -0.156909
acc: -98.1742 135.609 3.76477
pos: 28.3619 1.16995 0.00223106
vel: 21.3728 -17.2617 -0.13864
acc: -105.201 136.569 3.54292
pos: 28.4674 1.08535 0.00158122
vel: 20.83 -16.577 -0.121477
acc: -111.898 137.308 3.32246
pos: 28.5701 1.00419 0.00101446
vel: 20.2544 -15.889 -0.105412
acc: -118.245 137.823 3.10386
pos: 28.6699 0.926467 0.00052529
vel: 19.6481 -15.1991 -0.0904346
acc: -124.222 138.109 2.88758
pos: 28.7666 0.852198 0.000108319
vel: 19.0129 -14.5083 -0.0765317
acc: -129.808 138.162 2.6741
pos: 28.86 0.781383 -0.000241793
vel: 18.3507 -13.8179 -0.0636882
acc: -134.985 137.977 2.46388
pos: 28.95 0.714017 -0.0005303
vel: 17.6637 -13.129 -0.0518867
acc: -139.731 137.551 2.25739
pos: 29.0366 0.650089 -0.000762364
vel: 16.9542 -12.4428 -0.0411074
acc: -144.027 136.877 2.0551
pos: 29.1195 0.589582 -0.000943041
vel: 16.2243 -11.7606 -0.031328
acc: -147.852 135.953 1.85748
pos: 29.1988 0.532474 -0.00107727
vel: 15.4765 -11.0837 -0.022524
acc: -151.187 134.774 1.665
pos: 29.2743 0.478734 -0.00116986
vel: 14.7132 -10.4133 -0.0146687
acc: -154.012 133.335 1.47812
pos: 29.3459 0.428328 -0.00122549
vel: 13.9372 -9.75077 -0.00773267
acc: -156.305 131.632 1.29732
pos: 29.4136 0.381211 -0.00124867
vel: 13.1511 -9.09743 -0.00168452
acc: -158.049 129.66 1.12307
pos: 29.4774 0.337336 -0.00124376
vel: 12.3577 -8.45463 0.00350971
acc: -159.221 127.415 0.955828
pos: 29.5372 0.296645 -0.00121493
vel: 11.5599 -7.82375 0.00788624
acc: -159.802 124.892 0.79607
pos: 29.593 0.259076 -0.00116619
vel: 10.7607 -7.20618 0.0114837
acc: -159.773 122.088 0.644264
pos: 29.6448 0.224559 -0.00110133
vel: 9.9632 -6.60334 0.0143429
acc: -159.113 118.998 0.500878
pos: 29.6927 0.193016 -0.00102392
vel: 9.17064 -6.01668 0.0165073
acc: -157.802 115.617 0.366381
pos: 29.7365 0.164363 -0.000937338
vel: 8.3863 -5.44767 0.0180223
acc: -155.819 111.94 0.241242
pos: 29.7765 0.138507 -0.000844702
vel: 7.6136 -4.89778 0.018936
acc: -153.146 107.964 0.125929
pos: 29.8127 0.11535 -0.000748896
vel: 6.85603 -4.36853 0.0192988
acc: -149.761 103.685 0.0209131
pos: 29.8451 0.0947849 -0.000652545
vel: 6.11721 -3.86145 0.0191631
acc: -145.645 99.0963 -0.0733385
pos: 29.8739 0.0766963 -0.000558004
vel: 5.40083 -3.37809 0.0185841
acc: -140.778 94.1951 -0.156357
pos: 29.8992 0.0609619 -0.000467347
vel: 4.71071 -2.92003 0.0176191
acc: -135.139 88.9768 -0.227672
pos: 29.9211 0.0474512 -0.000382357
vel: 4.05076 -2.48886 0.0163277
acc: -128.709 83.4367 -0.286817
pos: 29.9397 0.0360258 -0.000304511
vel: 3.42498 -2.0862 0.014772
acc: -121.467 77.5706 -0.333321
pos: 29.9554 0.0265389 -0.000234971
vel: 2.83748 -1.7137 0.0130163
acc: -113.394 71.3739 -0.366716
pos: 29.9682 0.0188357 -0.000174571
vel: 2.29246 -1.37302 0.0111274
acc: -104.469 64.8423 -0.386533
pos: 29.9784 0.0127529 -0.000123804
vel: 1.79425 -1.06584 0.00917438
acc: -94.6717 57.9713 -0.392304
pos: 29.9862 0.00811861 -8.28148e-05
vel: 1.34723 -0.793882 0.00722858
acc: -83.9831 50.7564 -0.383558
pos: 29.992 0.00475251 -5.13833e-05
vel: 0.955935 -0.558861 0.00536377
acc: -72.3827 43.1934 -0.359828
pos: 29.9959 0.00246551 -2.89153e-05
vel: 0.62496 -0.362535 0.00365605
acc: -59.8503 35.2777 -0.320645
pos: 29.9983 0.00105971 -1.44303e-05
vel: 0.359019 -0.206679 0.00218386
acc: -46.3659 27.005 -0.26554
pos: 29.9996 0.000328283 -6.54968e-06
vel: 0.162921 -0.093088 0.00102798
acc: -31.9094 18.3707 -0.194043
pos: 30.0001 5.53597e-05 -3.48497e-06
vel: 0.041578 -0.0235815 0.000271533
acc: -16.4608 9.37053 -0.105686
pos: 30.0001 1.59276e-05 -3.0263e-06
vel: 3.63798e-12 4.54747e-13 2.27374e-13
acc: -1.45519e-11 7.27596e-12 0
