pos: 10 -5.14866e-17 3.56434e-17
vel: -4.68373e-17 -4.64976e-18 4.70155e-18
acc: -3.37533e-18 -3.49905e-19 3.22767e-19
pos: 10.0005 0.000207273 1.91992e-05
vel: 0.282406 0.123502 0.0114313
acc: 111.23 48.7128 4.50215
pos: 10.0037 0.0016239 0.000150087
vel: 1.09526 0.480352 0.0443291
acc: 212.234 93.3602 8.58887
pos: 10.0122 0.00536631 0.000494858
vel: 2.38826 1.05053 0.0966499
acc: 303.344 134.065 12.2736
pos: 10.0283 0.0124524 0.00114566
vel: 4.11276 1.81464 0.166417
acc: 384.893 170.951 15.5697
pos: 10.054 0.0238046 0.00218492
vel: 6.2218 2.75388 0.251721
acc: 457.214 204.141 18.4906
pos: 10.0911 0.0402528 0.00368569
vel: 8.67007 3.85009 0.350721
acc: 520.64 233.758 21.0499
pos: 10.1412 0.0625378 0.00571199
vel: 11.4139 5.08571 0.46164
acc: 575.505 259.925 23.2608
pos: 10.2057 0.091314 0.00831911
vel: 14.4114 6.4438 0.58277
acc: 622.141 282.765 25.1369
pos: 10.2857 0.127153 0.011554
vel: 17.6222 7.90802 0.712472
acc: 660.881 302.401 26.6915
pos: 10.3822 0.170545 0.0154555
vel: 21.0076 9.46267 0.849172
acc: 692.059 318.956 27.9381
pos: 10.496 0.221905 0.0200548
vel: 24.5307 11.0927 0.991363
acc: 716.007 332.554 28.8901
pos: 10.6276 0.281573 0.0253759
vel: 28.1562 12.7835 1.1376
acc: 733.058 343.317 29.561
pos: 10.7776 0.349818 0.0314354
vel: 31.8504 14.5213 1.28653
acc: 743.546 351.369 29.9642
pos: 10.9462 0.426842 0.0382434
vel: 35.5813 16.2929 1.43682
acc: 747.803 356.833 30.1131
pos: 11.1335 0.512782 0.0458038
vel: 39.3186 18.0855 1.58726
acc: 746.162 359.831 30.0211
pos: 11.3394 0.607712 0.0541143
vel: 43.0336 19.8873 1.73665
acc: 738.957 360.487 29.7016
pos: 11.5637 0.711651 0.0631668
vel: 46.6994 21.6867 1.88392
acc: 726.521 358.924 29.1682
pos: 11.8062 0.824558 0.0729481
vel: 50.2907 23.473 2.028
acc: 709.186 355.266 28.4342
pos: 12.0665 0.946342 0.0834399
vel: 53.7837 25.2361 2.16795
acc: 687.285 349.634 27.5131
pos: 12.3439 1.07686 0.0946192
vel: 57.1564 26.9663 2.30284
acc: 661.152 342.152 26.4182
pos: 12.6378 1.21594 0.106459
vel: 60.3887 28.6547 2.43186
acc: 631.12 332.944 25.163
pos: 12.9475 1.36333 0.118927
vel: 63.4617 30.293 2.55423
acc: 597.521 322.132 23.761
pos: 13.2721 1.51877 0.131989
vel: 66.3585 31.8736 2.66925
acc: 560.688 309.839 22.2256
pos: 13.6108 1.68195 0.145606
vel: 69.0637 33.3892 2.77628
acc: 520.955 296.189 20.5701
pos: 13.9624 1.85254 0.159737
vel: 71.5638 34.8334 2.87477
acc: 478.655 281.304 18.8081
pos: 14.326 2.03016 0.174338
vel: 73.8466 36.2004 2.96421
acc: 434.121 265.308 16.9529
pos: 14.7005 2.21441 0.189363
vel: 75.9018 37.4848 3.04417
acc: 387.685 248.324 15.0181
pos: 15.0847 2.40486 0.204764
vel: 77.7208 38.6822 3.11428
acc: 339.68 230.475 13.0169
pos: 15.4773 2.60108 0.220489
vel: 79.2966 39.7883 3.17425
acc: 290.441 211.884 10.9629
pos: 15.8772 2.80259 0.236489
vel: 80.6237 40.8 3.22384
acc: 240.299 192.674 8.86945
pos: 16.2831 3.00891 0.25271
vel: 81.6986 41.7142 3.2629
acc: 189.588 172.967 6.75002
pos: 16.6938 3.21956 0.2691
vel: 82.5192 42.529 3.29132
acc: 138.641 152.889 4.61802
pos: 17.1079 3.43404 0.285606
vel: 83.0852 43.2427 3.30908
acc: 87.7899 132.56 2.48688
pos: 17.5242 3.65182 0.302173
vel: 83.3978 43.8544 3.31622
acc: 37.3691 112.105 0.37003
pos: 17.9414 3.87241 0.31875
vel: 83.4601 44.3638 3.31283
acc: -12.289 91.646 -1.7191
pos: 18.3584 4.09529 0.335284
vel: 83.2768 44.7711 3.29909
acc: -60.8512 71.3067 -3.76707
pos: 18.7738 4.31995 0.351724
vel: 82.854 45.0772 3.27525
acc: -107.985 51.2101 -5.76047
pos: 19.1865 4.5459 0.368021
vel: 82.1998 45.2838 3.2416
acc: -153.356 31.4793 -7.68586
pos: 19.5954 4.77263 0.384125
vel: 81.3239 45.3928 3.19853
acc: -196.633 12.2372 -9.52981
pos: 19.9994 5.00028 0.400035
vel: 80.2375 45.4072 3.14646
acc: -237.481 -6.39295 -11.2789
pos: 20.3975 5.22716 0.415619
vel: 78.9536 45.3301 3.08591
acc: -275.635 -24.3105 -12.9223
pos: 20.7886 5.45343 0.430881
vel: 77.4856 45.1653 3.01742
acc: -311.09 -41.5042 -14.4597
pos: 21.172 5.67867 0.445781
vel: 75.8471 44.9162 2.94149
acc: -343.909 -57.9852 -15.8934
pos: 21.5468 5.90246 0.460284
vel: 74.0508 44.5866 2.85865
acc: -374.153 -73.7645 -17.2256
pos: 21.9123 6.12441 0.474357
vel: 72.1097 44.1797 2.7694
acc: -401.886 -88.8534 -18.4588
pos: 22.2677 6.34413 0.487968
vel: 70.0361 43.6992 2.67422
acc: -427.169 -103.263 -19.595
pos: 22.6125 6.56128 0.50109
vel: 67.842 43.1482 2.57361
acc: -450.064 -117.004 -20.6367
pos: 22.946 6.7755 0.513696
vel: 65.5393 42.5302 2.46801
acc: -470.635 -130.088 -21.5862
pos: 23.2677 6.98648 0.525762
vel: 63.1394 41.8484 2.35789
acc: -488.942 -142.526 -22.4457
pos: 23.5772 7.19389 0.537268
vel: 60.6535 41.106 2.2437
acc: -505.049 -154.329 -23.2174
pos: 23.8741 7.39744 0.548193
vel: 58.0925 40.3062 2.12586
acc: -519.018 -165.509 -23.9038
pos: 24.158 7.59686 0.558521
vel: 55.4668 39.452 2.0048
acc: -530.91 -176.076 -24.5071
pos: 24.4287 7.79188 0.568237
vel: 52.7868 38.5464 1.88093
acc: -540.788 -186.041 -25.0296
pos: 24.6858 7.98224 0.577327
vel: 50.0622 37.5925 1.75464
acc: -548.715 -195.416 -25.4735
pos: 24.9292 8.16773 0.58578
vel: 47.3028 36.5932 1.62632
acc: -554.753 -204.211 -25.8412
pos: 25.1588 8.3481 0.593587
vel: 44.5177 35.5514 1.49635
acc: -558.963 -212.439 -26.1349
pos: 25.3744 8.52317 0.600741
vel: 41.7161 34.4698 1.36509
acc: -561.408 -220.109 -26.357
pos: 25.5759 8.69274 0.607236
vel: 38.9065 33.3512 1.23289
acc: -562.151 -227.233 -26.5097
pos: 25.7635 8.85663 0.613069
vel: 36.0973 32.1983 1.1001
acc: -561.254 -233.823 -26.5953
pos: 25.9369 9.01467 0.618237
vel: 33.2966 31.0138 0.967049
acc: -558.778 -239.889 -26.6161
pos: 26.0964 9.16672 0.62274
vel: 30.512 29.8003 0.834047
acc: -554.787 -245.442 -26.5745
pos: 26.2421 9.31263 0.626578
vel: 27.7511 28.5602 0.701405
acc: -549.342 -250.494 -26.4726
pos: 26.374 9.45228 0.629755
vel: 25.0209 27.2962 0.569418
acc: -542.505 -255.056 -26.3128
pos: 26.4924 9.58555 0.632274
vel: 22.3283 26.0105 0.43837
acc: -534.34 -259.138 -26.0973
pos: 26.5974 9.71235 0.63414
vel: 19.6796 24.7056 0.308533
acc: -524.907 -262.753 -25.8286
pos: 26.6892 9.83258 0.635362
vel: 17.0812 23.3837 0.180169
acc: -514.27 -265.91 -25.5087
pos: 26.7683 9.94617 0.635945
vel: 14.5388 22.0472 0.0535271
acc: -502.491 -268.622 -25.1401
pos: 26.8347 10.053 0.6359
vel: 12.0581 20.6982 -0.0711548
acc: -489.632 -270.898 -24.7251
pos: 26.889 10.1531 0.635237
vel: 9.64422 19.3389 -0.19365
acc: -475.755 -272.752 -24.2658
pos: 26.9313 10.2464 0.633968
vel: 7.30215 17.9714 -0.313743
acc: -460.922 -274.192 -23.7647
pos: 26.9621 10.3328 0.632104
vel: 5.03649 16.5977 -0.431231
acc: -445.196 -275.232 -23.2239
pos: 26.9818 10.4124 0.62966
vel: 2.85158 15.2197 -0.54592
acc: -428.639 -275.881 -22.6459
pos: 26.9908 10.485 0.62665
vel: 0.75139 13.8395 -0.657631
acc: -411.313 -276.151 -22.0328
pos: 26.9895 10.5508 0.623089
vel: -1.26037 12.4588 -0.766194
acc: -393.28 -276.053 -21.387
pos: 26.9783 10.6096 0.618993
vel: -3.18034 11.0796 -0.87145
acc: -374.603 -275.598 -20.7107
pos: 26.9578 10.6616 0.61438
vel: -5.00543 9.70342 -0.973254
acc: -355.344 -274.798 -20.0063
pos: 26.9284 10.7067 0.609267
vel: -6.73291 8.33214 -1.07147
acc: -335.565 -273.663 -19.276
pos: 26.8906 10.7449 0.603672
vel: -8.36033 6.96734 -1.16597
acc: -315.329 -272.204 -18.5221
pos: 26.845 10.7763 0.597613
vel: -9.88554 5.61061 -1.25666
acc: -294.698 -270.433 -17.747
pos: 26.792 10.801 0.591112
vel: -11.3067 4.26351 -1.34341
acc: -273.733 -268.361 -16.9528
pos: 26.7321 10.819 0.584186
vel: -12.6224 2.92749 -1.42616
acc: -252.497 -265.998 -16.142
pos: 26.6659 10.8303 0.576857
vel: -13.8314 1.60399 -1.50481
acc: -231.053 -263.357 -15.3167
pos: 26.594 10.8351 0.569145
vel: -14.9327 0.294365 -1.5793
acc: -209.463 -260.448 -14.4793
pos: 26.5168 10.8333 0.561071
vel: -15.9259 -1.00006 -1.64958
acc: -187.789 -257.282 -13.6321
pos: 26.4349 10.8251 0.552656
vel: -16.8106 -2.27804 -1.71561
acc: -166.093 -253.87 -12.7773
pos: 26.3488 10.8105 0.543922
vel: -17.5869 -3.53837 -1.77735
acc: -144.437 -250.224 -11.9173
pos: 26.2592 10.7897 0.53489
vel: -18.2551 -4.77991 -1.83478
acc: -122.884 -246.354 -11.0543
pos: 26.1665 10.7628 0.525581
vel: -18.816 -6.00156 -1.88789
acc: -101.496 -242.272 -10.1906
pos: 26.0712 10.7298 0.516018
vel: -19.2705 -7.20229 -1.93669
acc: -80.3356 -237.989 -9.3285
pos: 25.9739 10.6908 0.506222
vel: -19.6198 -8.38113 -1.98118
acc: -59.4644 -233.515 -8.47032
pos: 25.8752 10.646 0.496213
vel: -19.8657 -9.53714 -2.0214
acc: -38.9449 -228.863 -7.61834
pos: 25.7755 10.5955 0.486015
vel: -20.01 -10.6695 -2.05738
acc: -18.8394 -224.043 -6.77484
pos: 25.6753 10.5393 0.475647
vel: -20.0549 -11.7773 -2.08917
acc: 0.789826 -219.067 -5.94211
pos: 25.5751 10.4777 0.46513
vel: -20.003 -12.8599 -2.11682
acc: 19.8806 -213.944 -5.12244
pos: 25.4754 10.4108 0.454485
vel: -19.8571 -13.9165 -2.14042
acc: 38.3706 -208.688 -4.31812
pos: 25.3767 10.3386 0.443732
vel: -19.6204 -14.9466 -2.16003
acc: 56.1976 -203.308 -3.53144
pos: 25.2793 10.2614 0.432891
vel: -19.2963 -15.9494 -2.17576
acc: 73.2994 -197.816 -2.76468
pos: 25.1838 10.1792 0.421981
vel: -18.8887 -16.9246 -2.18772
acc: 89.6137 -192.222 -2.02015
pos: 25.0906 10.0922 0.41102
vel: -18.4016 -17.8715 -2.19601
acc: 105.078 -186.539 -1.30013
pos: 25 10 0.399996
vel: -17.8393 -18.7898 -2.20076
acc: 119.631 -180.777 -0.606899
pos: 24.9124 9.90382 0.388987
vel: -17.2068 -19.6791 -2.20212
acc: 133.224 -174.945 0.0578064
pos: 24.8281 9.80326 0.37798
vel: -16.5087 -20.5391 -2.20023
acc: 145.864 -169.05 0.693886
pos: 24.7474 9.69848 0.36699
vel: -15.7497 -21.3695 -2.19523
acc: 157.569 -163.097 1.30181
pos: 24.6707 9.58961 0.356033
vel: -14.9345 -22.17 -2.18726
acc: 168.36 -157.088 1.88205
pos: 24.5981 9.47683 0.345122
vel: -14.0676 -22.9403 -2.17646
acc: 178.257 -151.03 2.43506
pos: 24.5301 9.36026 0.334272
vel: -13.1534 -23.6802 -2.16295
acc: 187.28 -144.927 2.96133
pos: 24.4667 9.24007 0.323497
vel: -12.1962 -24.3895 -2.14689
acc: 195.449 -138.782 3.46132
pos: 24.4082 9.11642 0.312808
vel: -11.2003 -25.068 -2.12838
acc: 202.784 -132.6 3.93549
pos: 24.3547 8.98945 0.302217
vel: -10.1697 -25.7155 -2.10757
acc: 209.305 -126.387 4.38433
pos: 24.3065 8.85931 0.291736
vel: -9.10856 -26.3318 -2.08458
acc: 215.032 -120.145 4.80829
pos: 24.2637 8.72618 0.281374
vel: -8.0207 -26.9169 -2.05953
acc: 219.986 -113.88 5.20784
pos: 24.2263 8.5902 0.271143
vel: -6.90996 -27.4706 -2.03254
acc: 224.186 -107.596 5.58346
pos: 24.1946 8.45153 0.261052
vel: -5.78006 -27.9928 -2.00374
acc: 227.653 -101.297 5.93561
pos: 24.1686 8.31032 0.251109
vel: -4.63462 -28.4835 -1.97323
acc: 230.406 -94.9884 6.26477
pos: 24.1483 8.16674 0.241322
vel: -3.47715 -28.9427 -1.94113
acc: 232.466 -88.6739 6.57139
pos: 24.1338 8.02095 0.2317
vel: -2.31108 -29.3703 -1.90755
acc: 233.852 -82.3581 6.85596
pos: 24.1252 7.87309 0.222249
vel: -1.13972 -29.7663 -1.8726
acc: 234.585 -76.0454 7.11893
pos: 24.1224 7.72334 0.212976
vel: 0.033713 -30.1307 -1.8364
acc: 234.685 -69.7402 7.36079
pos: 24.1255 7.57184 0.203887
vel: 1.2061 -30.4637 -1.79903
acc: 234.171 -63.447 7.58199
pos: 24.1345 7.41875 0.194988
vel: 2.37444 -30.7652 -1.76061
acc: 233.065 -57.1702 7.783
pos: 24.1493 7.26424 0.186283
vel: 3.5358 -31.0354 -1.72123
acc: 231.385 -50.9142 7.9643
pos: 24.1698 7.10845 0.177777
vel: 4.68737 -31.2744 -1.681
acc: 229.153 -44.6835 8.12636
pos: 24.1961 6.95155 0.169474
vel: 5.82644 -31.4823 -1.64
acc: 226.388 -38.4824 8.26964
pos: 24.2281 6.79368 0.161378
vel: 6.95039 -31.6593 -1.59833
acc: 223.109 -32.3155 8.39461
pos: 24.2656 6.635 0.153492
vel: 8.05671 -31.8055 -1.55608
acc: 219.338 -26.187 8.50174
pos: 24.3086 6.47567 0.145818
vel: 9.14299 -31.9213 -1.51334
acc: 215.095 -20.1015 8.5915
pos: 24.357 6.31584 0.138359
vel: 10.2069 -32.0066 -1.4702
acc: 210.398 -14.0634 8.66436
pos: 24.4106 6.15566 0.131116
vel: 11.2463 -32.062 -1.42673
acc: 205.27 -8.077 8.72078
pos: 24.4694 5.99527 0.124092
vel: 12.2589 -32.0875 -1.38302
acc: 199.728 -2.14687 8.76125
pos: 24.5332 5.83483 0.117287
vel: 13.2429 -32.0835 -1.33914
acc: 193.794 3.72263 8.78622
pos: 24.6018 5.67448 0.110701
vel: 14.1962 -32.0504 -1.29518
acc: 187.488 9.52706 8.79616
pos: 24.6751 5.51438 0.104335
vel: 15.1172 -31.9884 -1.2512
acc: 180.83 15.262 8.79155
pos: 24.7529 5.35465 0.0981886
vel: 16.004 -31.8979 -1.20729
acc: 173.839 20.923 8.77285
pos: 24.835 5.19544 0.0922617
vel: 16.855 -31.7793 -1.1635
acc: 166.536 26.5057 8.74053
pos: 24.9214 5.0369 0.0865533
vel: 17.6689 -31.633 -1.1199
acc: 158.941 32.0056 8.69506
pos: 25.0117 4.87916 0.0810622
vel: 18.444 -31.4594 -1.07657
acc: 151.074 37.4183 8.63692
pos: 25.1057 4.72235 0.0757871
vel: 19.1792 -31.2589 -1.03355
acc: 142.955 42.7394 8.56656
pos: 25.2034 4.56661 0.0707261
vel: 19.8732 -31.0321 -0.990922
acc: 134.605 47.9645 8.48445
pos: 25.3044 4.41207 0.0658771
vel: 20.5249 -30.7795 -0.948729
acc: 126.042 53.0891 8.39108
pos: 25.4086 4.25886 0.061238
vel: 21.1333 -30.5014 -0.907029
acc: 117.287 58.1088 8.2869
pos: 25.5157 4.1071 0.0568059
vel: 21.6975 -30.1986 -0.865877
acc: 108.361 63.0192 8.17238
pos: 25.6255 3.95692 0.0525782
vel: 22.2166 -29.8714 -0.825322
acc: 99.2834 67.8159 8.048
pos: 25.7378 3.80843 0.0485516
vel: 22.6901 -29.5206 -0.785413
acc: 90.0741 72.4944 7.91422
pos: 25.8523 3.66175 0.0447229
vel: 23.1172 -29.1467 -0.746195
acc: 80.7532 77.0503 7.77151
pos: 25.9689 3.517 0.0410885
vel: 23.4975 -28.7503 -0.707712
acc: 71.3409 81.4792 7.62034
pos: 26.0872 3.37428 0.0376445
vel: 23.8305 -28.3321 -0.670005
acc: 61.8573 85.7766 7.46118
pos: 26.2071 3.23371 0.0343871
vel: 24.1159 -27.8928 -0.633112
acc: 52.3223 89.9382 7.2945
pos: 26.3283 3.09539 0.031312
vel: 24.3536 -27.433 -0.597071
acc: 42.7561 93.9595 7.12077
pos: 26.4505 2.95941 0.0284149
vel: 24.5435 -26.9534 -0.561916
acc: 33.1788 97.8361 6.94045
pos: 26.5736 2.82589 0.0256913
vel: 24.6854 -26.4548 -0.527677
acc: 23.6103 101.564 6.75401
pos: 26.6973 2.6949 0.0231365
vel: 24.7796 -25.938 -0.494385
acc: 14.0708 105.138 6.56193
pos: 26.8213 2.56654 0.0207458
vel: 24.8262 -25.4037 -0.462066
acc: 4.58032 108.553 6.36468
pos: 26.9455 2.44089 0.0185142
vel: 24.8256 -24.8528 -0.430746
acc: -4.84105 111.807 6.16271
pos: 27.0695 2.31803 0.0164366
vel: 24.778 -24.2859 -0.400446
acc: -14.1733 114.894 5.95651
pos: 27.1932 2.19805 0.014508
vel: 24.684 -23.7041 -0.371187
acc: -23.3962 117.809 5.74654
pos: 27.3163 2.08102 0.012723
vel: 24.5442 -23.1081 -0.342986
acc: -32.4899 120.549 5.53326
pos: 27.4386 1.96699 0.0110763
vel: 24.3594 -22.4989 -0.315859
acc: -41.4342 123.108 5.31716
pos: 27.5598 1.85605 0.00956261
vel: 24.1302 -21.8774 -0.289819
acc: -50.2091 125.483 5.09869
pos: 27.6798 1.74824 0.00817633
vel: 23.8576 -21.2444 -0.264876
acc: -58.7945 127.669 4.87832
pos: 27.7983 1.64362 0.00691201
vel: 23.5426 -20.601 -0.241038
acc: -67.1704 129.662 4.65653
pos: 27.9151 1.54224 0.0057641
vel: 23.1863 -19.9481 -0.218312
acc: -75.3166 131.457 4.43379
pos: 28.0301 1.44415 0.00472703
vel: 22.7898 -19.2868 -0.196701
acc: -83.2131 133.05 4.21055
pos: 28.143 1.34939 0.00379523
vel: 22.3546 -18.618 -0.176206
acc: -90.8398 134.436 3.9873
pos: 28.2536 1.25798 0.00296311
vel: 21.8819 -17.9428 -0.156827
acc: -98.1768 135.611 3.7645
pos: 28.3617 1.16997 0.0022251
vel: 21.3733 -17.2622 -0.13856
acc: -105.204 136.57 3.54262
pos: 28.4673 1.08537 0.00157567
vel: 20.8304 -16.5774 -0.121399
acc: -111.901 137.31 3.32213
pos: 28.57 1.0042 0.00100929
vel: 20.2549 -15.8895 -0.105335
acc: -118.248 137.825 3.10349
pos: 28.6698 0.926478 0.000520502
vel: 19.6486 -15.1996 -0.0903597
acc: -124.225 138.111 2.88718
pos: 28.7664 0.852207 0.0001039
vel: 19.0133 -14.5088 -0.0764588
acc: -129.812 138.164 2.67367
pos: 28.8598 0.78139 -0.000245853
vel: 18.3511 -13.8183 -0.0636176
acc: -134.988 137.98 2.46342
pos: 28.9499 0.714022 -0.000534012
vel: 17.6641 -13.1294 -0.0518184
acc: -139.734 137.553 2.25691
pos: 29.0365 0.650092 -0.00076574
vel: 16.9545 -12.4432 -0.0410415
acc: -144.03 136.88 2.05459
pos: 29.1194 0.589583 -0.000946094
vel: 16.2246 -11.761 -0.0312647
acc: -147.856 135.956 1.85695
pos: 29.1987 0.532473 -0.00108001
vel: 15.4768 -11.084 -0.0224634
acc: -151.191 134.777 1.66445
pos: 29.2742 0.478732 -0.00117231
vel: 14.7136 -10.4136 -0.0146108
acc: -154.015 133.338 1.47756
pos: 29.3458 0.428324 -0.00122765
vel: 13.9375 -9.7511 -0.0076777
acc: -156.309 131.635 1.29674
pos: 29.4135 0.381206 -0.00125057
vel: 13.1514 -9.09775 -0.00163247
acc: -158.052 129.663 1.12248
pos: 29.4773 0.337329 -0.0012454
vel: 12.358 -8.45493 0.00355877
acc: -159.225 127.418 0.955227
pos: 29.5371 0.296636 -0.00121634
vel: 11.5601 -7.82403 0.00793228
acc: -159.806 124.896 0.795462
pos: 29.5929 0.259066 -0.00116738
vel: 10.7609 -7.20644 0.0115267
acc: -159.777 122.092 0.643651
pos: 29.6447 0.224547 -0.00110231
vel: 9.96341 -6.60358 0.0143828
acc: -159.116 119.001 0.500263
pos: 29.6925 0.193003 -0.00102471
vel: 9.17083 -6.01691 0.0165441
acc: -157.805 115.62 0.365767
pos: 29.7364 0.164349 -0.000937947
vel: 8.38648 -5.44787 0.0180561
acc: -155.823 111.944 0.240632
pos: 29.7764 0.138493 -0.000845149
vel: 7.61376 -4.89797 0.0189668
acc: -153.149 107.968 0.125326
pos: 29.8126 0.115335 -0.000749197
vel: 6.85617 -4.3687 0.0193265
acc: -149.764 103.688 0.0203202
pos: 29.845 0.0947688 -0.000652715
vel: 6.11733 -3.8616 0.0191879
acc: -145.648 99.0998 -0.073918
pos: 29.8738 0.0766794 -0.000558057
vel: 5.40094 -3.37822 0.0186061
acc: -140.781 94.1985 -0.156919
pos: 29.8991 0.0609444 -0.000467297
vel: 4.71081 -2.92014 0.0176383
acc: -135.142 88.9801 -0.228215
pos: 29.9209 0.0474332 -0.000382218
vel: 4.05085 -2.48896 0.0163442
acc: -128.711 83.4399 -0.287336
pos: 29.9396 0.0360073 -0.000304296
vel: 3.42505 -2.08629 0.014786
acc: -121.469 77.5736 -0.333813
pos: 29.9553 0.0265201 -0.000234691
vel: 2.83754 -1.71377 0.0130279
acc: -113.396 71.3767 -0.367177
pos: 29.9681 0.0188165 -0.000174238
vel: 2.29251 -1.37308 0.0111368
acc: -104.471 64.8449 -0.386959
pos: 29.9783 0.0127334 -0.00012343
vel: 1.79428 -1.06589 0.00918177
acc: -94.6737 57.9736 -0.392691
pos: 29.9861 0.00809895 -8.24082e-05
vel: 1.34726 -0.793915 0.00723414
acc: -83.9849 50.7585 -0.383903
pos: 29.9918 0.00473271 -5.0953e-05
vel: 0.955954 -0.558885 0.00536773
acc: -72.3842 43.1952 -0.360126
pos: 29.9958 0.00244561 -2.84688e-05
vel: 0.624972 -0.362551 0.00365864
acc: -59.8515 35.2792 -0.320892
pos: 29.9982 0.00103975 -1.39738e-05
vel: 0.359026 -0.206688 0.00218535
acc: -46.3668 27.0061 -0.265731
pos: 29.9995 0.00030829 -6.08783e-06
vel: 0.162924 -0.0930922 0.00102865
acc: -31.9101 18.3715 -0.194175
pos: 29.9999 3.53539e-05 -3.02113e-06
vel: 0.0415788 -0.0235826 0.000271706
acc: -16.4611 9.37094 -0.105754
pos: 30 -4.08001e-06 -2.56217e-06
vel: -1.09139e-11 1.36424e-12 -6.82121e-13
acc: 0 -3.63798e-12 2.27374e-13
