pos: 2.14329e+09 2.14329e+09 2.14329e+09
vel: 2.14329e+09 2.14329e+09 2.14329e+09
acc: 4.28658e+09 4.28658e+09 4.28658e+09
pos: 2.15406e+09 2.15406e+09 2.15406e+09
vel: 2.16488e+09 2.16488e+09 2.16488e+09
acc: 4.35153e+09 4.35153e+09 4.35153e+09
pos: 2.16494e+09 2.16494e+09 2.16494e+09
vel: 2.18681e+09 2.18681e+09 2.18681e+09
acc: 4.41779e+09 4.41779e+09 4.41779e+09
pos: 2.17593e+09 2.17593e+09 2.17593e+09
vel: 2.20906e+09 2.20906e+09 2.20906e+09
acc: 4.48541e+09 4.48541e+09 4.48541e+09
pos: 2.18703e+09 2.18703e+09 2.18703e+09
vel: 2.23166e+09 2.23166e+09 2.23166e+09
acc: 4.55441e+09 4.55441e+09 4.55441e+09
pos: 2.19825e+09 2.19825e+09 2.19825e+09
vel: 2.25461e+09 2.25461e+09 2.25461e+09
acc: 4.62484e+09 4.62484e+09 4.62484e+09
pos: 2.20958e+09 2.20958e+09 2.20958e+09
vel: 2.27791e+09 2.27791e+09 2.27791e+09
acc: 4.69673e+09 4.69673e+09 4.69673e+09
pos: 2.22103e+09 2.22103e+09 2.22103e+09
vel: 2.30158e+09 2.30158e+09 2.30158e+09
acc: 4.77011e+09 4.77011e+09 4.77011e+09
pos: 2.23259e+09 2.23259e+09 2.23259e+09
vel: 2.32562e+09 2.32562e+09 2.32562e+09
acc: 4.84504e+09 4.84504e+09 4.84504e+09
pos: 2.24428e+09 2.24428e+09 2.24428e+09
vel: 2.35003e+09 2.35003e+09 2.35003e+09
acc: 4.92154e+09 4.92154e+09 4.92154e+09
pos: 2.25609e+09 2.25609e+09 2.25609e+09
vel: 2.37484e+09 2.37484e+09 2.37484e+09
acc: 4.99965e+09 4.99965e+09 4.99965e+09
pos: 2.26803e+09 2.26803e+09 2.26803e+09
vel: 2.40003e+09 2.40003e+09 2.40003e+09
acc: 5.07943e+09 5.07943e+09 5.07943e+09
pos: 2.2801e+09 2.2801e+09 2.2801e+09
vel: 2.42563e+09 2.42563e+09 2.42563e+09
acc: 5.16092e+09 5.16092e+09 5.16092e+09
pos: 2.29229e+09 2.29229e+09 2.29229e+09
vel: 2.45164e+09 2.45164e+09 2.45164e+09
acc: 5.24415e+09 5.24415e+09 5.24415e+09
pos: 2.30461e+09 2.30461e+09 2.30461e+09
vel: 2.47808e+09 2.47808e+09 2.47808e+09
acc: 5.32918e+09 5.32918e+09 5.32918e+09
pos: 2.31707e+09 2.31707e+09 2.31707e+09
vel: 2.50494e+09 2.50494e+09 2.50494e+09
acc: 5.41606e+09 5.41606e+09 5.41606e+09
pos: 2.32966e+09 2.32966e+09 2.32966e+09
vel: 2.53224e+09 2.53224e+09 2.53224e+09
acc: 5.50484e+09 5.50484e+09 5.50484e+09
pos: 2.34239e+09 2.34239e+09 2.34239e+09
vel: 2.55999e+09 2.55999e+09 2.55999e+09
acc: 5.59556e+09 5.59556e+09 5.59556e+09
pos: 2.35526e+09 2.35526e+09 2.35526e+09
vel: 2.5882e+09 2.5882e+09 2.5882e+09
acc: 5.68828e+09 5.68828e+09 5.68828e+09
pos: 2.36828e+09 2.36828e+09 2.36828e+09
vel: 2.61688e+09 2.61688e+09 2.61688e+09
acc: 5.78306e+09 5.78306e+09 5.78306e+09
pos: 2.38143e+09 2.38143e+09 2.38143e+09
vel: 2.64603e+09 2.64603e+09 2.64603e+09
acc: 5.87994e+09 5.87994e+09 5.87994e+09
pos: 2.39474e+09 2.39474e+09 2.39474e+09
vel: 2.67568e+09 2.67568e+09 2.67568e+09
acc: 5.979e+09 5.979e+09 5.979e+09
pos: 2.40819e+09 2.40819e+09 2.40819e+09
vel: 2.70583e+09 2.70583e+09 2.70583e+09
acc: 6.08027e+09 6.08027e+09 6.08027e+09
pos: 2.4218e+09 2.4218e+09 2.4218e+09
vel: 2.73649e+09 2.73649e+09 2.73649e+09
acc: 6.18384e+09 6.18384e+09 6.18384e+09
pos: 2.43556e+09 2.43556e+09 2.43556e+09
vel: 2.76767e+09 2.76767e+09 2.76767e+09
acc: 6.28975e+09 6.28975e+09 6.28975e+09
pos: 2.44947e+09 2.44947e+09 2.44947e+09
vel: 2.79939e+09 2.79939e+09 2.79939e+09
acc: 6.39808e+09 6.39808e+09 6.39808e+09
pos: 2.46355e+09 2.46355e+09 2.46355e+09
vel: 2.83166e+09 2.83166e+09 2.83166e+09
acc: 6.50889e+09 6.50889e+09 6.50889e+09
pos: 2.47779e+09 2.47779e+09 2.47779e+09
vel: 2.86448e+09 2.86448e+09 2.86448e+09
acc: 6.62224e+09 6.62224e+09 6.62224e+09
pos: 2.4922e+09 2.4922e+09 2.4922e+09
vel: 2.89788e+09 2.89788e+09 2.89788e+09
acc: 6.73821e+09 6.73821e+09 6.73821e+09
pos: 2.50677e+09 2.50677e+09 2.50677e+09
vel: 2.93187e+09 2.93187e+09 2.93187e+09
acc: 6.85687e+09 6.85687e+09 6.85687e+09
pos: 2.52152e+09 2.52152e+09 2.52152e+09
vel: 2.96646e+09 2.96646e+09 2.96646e+09
acc: 6.97829e+09 6.97829e+09 6.97829e+09
pos: 2.53644e+09 2.53644e+09 2.53644e+09
vel: 3.00166e+09 3.00166e+09 3.00166e+09
acc: 7.10254e+09 7.10254e+09 7.10254e+09
pos: 2.55153e+09 2.55153e+09 2.55153e+09
vel: 3.03749e+09 3.03749e+09 3.03749e+09
acc: 7.22971e+09 7.22971e+09 7.22971e+09
pos: 2.56681e+09 2.56681e+09 2.56681e+09
vel: 3.07396e+09 3.07396e+09 3.07396e+09
acc: 7.35987e+09 7.35987e+09 7.35987e+09
pos: 2.58227e+09 2.58227e+09 2.58227e+09
vel: 3.11109e+09 3.11109e+09 3.11109e+09
acc: 7.49311e+09 7.49311e+09 7.49311e+09
pos: 2.59792e+09 2.59792e+09 2.59792e+09
vel: 3.14889e+09 3.14889e+09 3.14889e+09
acc: 7.62951e+09 7.62951e+09 7.62951e+09
pos: 2.61376e+09 2.61376e+09 2.61376e+09
vel: 3.18739e+09 3.18739e+09 3.18739e+09
acc: 7.76914e+09 7.76914e+09 7.76914e+09
pos: 2.6298e+09 2.6298e+09 2.6298e+09
vel: 3.22659e+09 3.22659e+09 3.22659e+09
acc: 7.91211e+09 7.91211e+09 7.91211e+09
pos: 2.64603e+09 2.64603e+09 2.64603e+09
vel: 3.26652e+09 3.26652e+09 3.26652e+09
acc: 8.0585e+09 8.0585e+09 8.0585e+09
pos: 2.66247e+09 2.66247e+09 2.66247e+09
vel: 3.30718e+09 3.30718e+09 3.30718e+09
acc: 8.2084e+09 8.2084e+09 8.2084e+09
pos: 2.6791e+09 2.6791e+09 2.6791e+09
vel: 3.34861e+09 3.34861e+09 3.34861e+09
acc: 8.36191e+09 8.36191e+09 8.36191e+09
pos: 2.69595e+09 2.69595e+09 2.69595e+09
vel: 3.39081e+09 3.39081e+09 3.39081e+09
acc: 8.51913e+09 8.51913e+09 8.51913e+09
pos: 2.71301e+09 2.71301e+09 2.71301e+09
vel: 3.4338e+09 3.4338e+09 3.4338e+09
acc: 8.68015e+09 8.68015e+09 8.68015e+09
pos: 2.73029e+09 2.73029e+09 2.73029e+09
vel: 3.47762e+09 3.47762e+09 3.47762e+09
acc: 8.84507e+09 8.84507e+09 8.84507e+09
pos: 2.74779e+09 2.74779e+09 2.74779e+09
vel: 3.52226e+09 3.52226e+09 3.52226e+09
acc: 9.01399e+09 9.01399e+09 9.01399e+09
pos: 2.76552e+09 2.76552e+09 2.76552e+09
vel: 3.56776e+09 3.56776e+09 3.56776e+09
acc: 9.18704e+09 9.18704e+09 9.18704e+09
pos: 2.78347e+09 2.78347e+09 2.78347e+09
vel: 3.61414e+09 3.61414e+09 3.61414e+09
acc: 9.3643e+09 9.3643e+09 9.3643e+09
pos: 2.80166e+09 2.80166e+09 2.80166e+09
vel: 3.66141e+09 3.66141e+09 3.66141e+09
acc: 9.5459e+09 9.5459e+09 9.5459e+09
pos: 2.82009e+09 2.82009e+09 2.82009e+09
vel: 3.70961e+09 3.70961e+09 3.70961e+09
acc: 9.73194e+09 9.73194e+09 9.73194e+09
pos: 2.83876e+09 2.83876e+09 2.83876e+09
vel: 3.75874e+09 3.75874e+09 3.75874e+09
acc: 9.92255e+09 9.92255e+09 9.92255e+09
pos: 2.85768e+09 2.85768e+09 2.85768e+09
vel: 3.80884e+09 3.80884e+09 3.80884e+09
acc: 1.01178e+10 1.01178e+10 1.01178e+10
pos: 2.87685e+09 2.87685e+09 2.87685e+09
vel: 3.85993e+09 3.85993e+09 3.85993e+09
acc: 1.03179e+10 1.03179e+10 1.03179e+10
pos: 2.89628e+09 2.89628e+09 2.89628e+09
vel: 3.91203e+09 3.91203e+09 3.91203e+09
acc: 1.05229e+10 1.05229e+10 1.05229e+10
pos: 2.91597e+09 2.91597e+09 2.91597e+09
vel: 3.96516e+09 3.96516e+09 3.96516e+09
acc: 1.0733e+10 1.0733e+10 1.0733e+10
pos: 2.93593e+09 2.93593e+09 2.93593e+09
vel: 4.01936e+09 4.01936e+09 4.01936e+09
acc: 1.09483e+10 1.09483e+10 1.09483e+10
pos: 2.95616e+09 2.95616e+09 2.95616e+09
vel: 4.07466e+09 4.07466e+09 4.07466e+09
acc: 1.11688e+10 1.11688e+10 1.11688e+10
pos: 2.97668e+09 2.97668e+09 2.97668e+09
vel: 4.13106e+09 4.13106e+09 4.13106e+09
acc: 1.13948e+10 1.13948e+10 1.13948e+10
pos: 2.99748e+09 2.99748e+09 2.99748e+09
vel: 4.18861e+09 4.18861e+09 4.18861e+09
acc: 1.16264e+10 1.16264e+10 1.16264e+10
pos: 3.01857e+09 3.01857e+09 3.01857e+09
vel: 4.24734e+09 4.24734e+09 4.24734e+09
acc: 1.18638e+10 1.18638e+10 1.18638e+10
pos: 3.03995e+09 3.03995e+09 3.03995e+09
vel: 4.30726e+09 4.30726e+09 4.30726e+09
acc: 1.2107e+10 1.2107e+10 1.2107e+10
pos: 3.06164e+09 3.06164e+09 3.06164e+09
vel: 4.36842e+09 4.36842e+09 4.36842e+09
acc: 1.23562e+10 1.23562e+10 1.23562e+10
pos: 3.08364e+09 3.08364e+09 3.08364e+09
vel: 4.43083e+09 4.43083e+09 4.43083e+09
acc: 1.26116e+10 1.26116e+10 1.26116e+10
pos: 3.10595e+09 3.10595e+09 3.10595e+09
vel: 4.49454e+09 4.49454e+09 4.49454e+09
acc: 1.28733e+10 1.28733e+10 1.28733e+10
pos: 3.12859e+09 3.12859e+09 3.12859e+09
vel: 4.55958e+09 4.55958e+09 4.55958e+09
acc: 1.31415e+10 1.31415e+10 1.31415e+10
pos: 3.15155e+09 3.15155e+09 3.15155e+09
vel: 4.62597e+09 4.62597e+09 4.62597e+09
acc: 1.34163e+10 1.34163e+10 1.34163e+10
pos: 3.17485e+09 3.17485e+09 3.17485e+09
vel: 4.69375e+09 4.69375e+09 4.69375e+09
acc: 1.36979e+10 1.36979e+10 1.36979e+10
pos: 3.19849e+09 3.19849e+09 3.19849e+09
vel: 4.76296e+09 4.76296e+09 4.76296e+09
acc: 1.39864e+10 1.39864e+10 1.39864e+10
pos: 3.22248e+09 3.22248e+09 3.22248e+09
vel: 4.83363e+09 4.83363e+09 4.83363e+09
acc: 1.42821e+10 1.42821e+10 1.42821e+10
pos: 3.24683e+09 3.24683e+09 3.24683e+09
vel: 4.90579e+09 4.90579e+09 4.90579e+09
acc: 1.45851e+10 1.45851e+10 1.45851e+10
pos: 3.27154e+09 3.27154e+09 3.27154e+09
vel: 4.97949e+09 4.97949e+09 4.97949e+09
acc: 1.48956e+10 1.48956e+10 1.48956e+10
pos: 3.29663e+09 3.29663e+09 3.29663e+09
vel: 5.05476e+09 5.05476e+09 5.05476e+09
acc: 1.52137e+10 1.52137e+10 1.52137e+10
pos: 3.32209e+09 3.32209e+09 3.32209e+09
vel: 5.13164e+09 5.13164e+09 5.13164e+09
acc: 1.55396e+10 1.55396e+10 1.55396e+10
pos: 3.34794e+09 3.34794e+09 3.34794e+09
vel: 5.21017e+09 5.21017e+09 5.21017e+09
acc: 1.58735e+10 1.58735e+10 1.58735e+10
pos: 3.3742e+09 3.3742e+09 3.3742e+09
vel: 5.29039e+09 5.29039e+09 5.29039e+09
acc: 1.62157e+10 1.62157e+10 1.62157e+10
pos: 3.40085e+09 3.40085e+09 3.40085e+09
vel: 5.37234e+09 5.37234e+09 5.37234e+09
acc: 1.65662e+10 1.65662e+10 1.65662e+10
pos: 3.42792e+09 3.42792e+09 3.42792e+09
vel: 5.45607e+09 5.45607e+09 5.45607e+09
acc: 1.69254e+10 1.69254e+10 1.69254e+10
pos: 3.45542e+09 3.45542e+09 3.45542e+09
vel: 5.54161e+09 5.54161e+09 5.54161e+09
acc: 1.72933e+10 1.72933e+10 1.72933e+10
pos: 3.48334e+09 3.48334e+09 3.48334e+09
vel: 5.62901e+09 5.62901e+09 5.62901e+09
acc: 1.76702e+10 1.76702e+10 1.76702e+10
pos: 3.51171e+09 3.51171e+09 3.51171e+09
vel: 5.71833e+09 5.71833e+09 5.71833e+09
acc: 1.80563e+10 1.80563e+10 1.80563e+10
pos: 3.54053e+09 3.54053e+09 3.54053e+09
vel: 5.80959e+09 5.80959e+09 5.80959e+09
acc: 1.84517e+10 1.84517e+10 1.84517e+10
pos: 3.56981e+09 3.56981e+09 3.56981e+09
vel: 5.90286e+09 5.90286e+09 5.90286e+09
acc: 1.88568e+10 1.88568e+10 1.88568e+10
pos: 3.59956e+09 3.59956e+09 3.59956e+09
vel: 5.99818e+09 5.99818e+09 5.99818e+09
acc: 1.92717e+10 1.92717e+10 1.92717e+10
pos: 3.62979e+09 3.62979e+09 3.62979e+09
vel: 6.09559e+09 6.09559e+09 6.09559e+09
acc: 1.96967e+10 1.96967e+10 1.96967e+10
pos: 3.66052e+09 3.66052e+09 3.66052e+09
vel: 6.19516e+09 6.19516e+09 6.19516e+09
acc: 2.01319e+10 2.01319e+10 2.01319e+10
pos: 3.69175e+09 3.69175e+09 3.69175e+09
vel: 6.29693e+09 6.29693e+09 6.29693e+09
acc: 2.05777e+10 2.05777e+10 2.05777e+10
pos: 3.72349e+09 3.72349e+09 3.72349e+09
vel: 6.40095e+09 6.40095e+09 6.40095e+09
acc: 2.10341e+10 2.10341e+10 2.10341e+10
pos: 3.75576e+09 3.75576e+09 3.75576e+09
vel: 6.50729e+09 6.50729e+09 6.50729e+09
acc: 2.15015e+10 2.15015e+10 2.15015e+10
pos: 3.78857e+09 3.78857e+09 3.78857e+09
vel: 6.61599e+09 6.61599e+09 6.61599e+09
acc: 2.19801e+10 2.19801e+10 2.19801e+10
pos: 3.82193e+09 3.82193e+09 3.82193e+09
vel: 6.72711e+09 6.72711e+09 6.72711e+09
acc: 2.24702e+10 2.24702e+10 2.24702e+10
pos: 3.85584e+09 3.85584e+09 3.85584e+09
vel: 6.84071e+09 6.84071e+09 6.84071e+09
acc: 2.29719e+10 2.29719e+10 2.29719e+10
pos: 3.89034e+09 3.89034e+09 3.89034e+09
vel: 6.95685e+09 6.95685e+09 6.95685e+09
acc: 2.34855e+10 2.34855e+10 2.34855e+10
pos: 3.92542e+09 3.92542e+09 3.92542e+09
vel: 7.07559e+09 7.07559e+09 7.07559e+09
acc: 2.40114e+10 2.40114e+10 2.40114e+10
pos: 3.9611e+09 3.9611e+09 3.9611e+09
vel: 7.19698e+09 7.19698e+09 7.19698e+09
acc: 2.45497e+10 2.45497e+10 2.45497e+10
pos: 3.99739e+09 3.99739e+09 3.99739e+09
vel: 7.3211e+09 7.3211e+09 7.3211e+09
acc: 2.51007e+10 2.51007e+10 2.51007e+10
pos: 4.03431e+09 4.03431e+09 4.03431e+09
vel: 7.44801e+09 7.44801e+09 7.44801e+09
acc: 2.56646e+10 2.56646e+10 2.56646e+10
pos: 4.07188e+09 4.07188e+09 4.07188e+09
vel: 7.57777e+09 7.57777e+09 7.57777e+09
acc: 2.62418e+10 2.62418e+10 2.62418e+10
pos: 4.1101e+09 4.1101e+09 4.1101e+09
vel: 7.71045e+09 7.71045e+09 7.71045e+09
acc: 2.68326e+10 2.68326e+10 2.68326e+10
pos: 4.14899e+09 4.14899e+09 4.14899e+09
vel: 7.84612e+09 7.84612e+09 7.84612e+09
acc: 2.74371e+10 2.74371e+10 2.74371e+10
pos: 4.18856e+09 4.18856e+09 4.18856e+09
vel: 7.98485e+09 7.98485e+09 7.98485e+09
acc: 2.80557e+10 2.80557e+10 2.80557e+10
pos: 4.22884e+09 4.22884e+09 4.22884e+09
vel: 8.1267e+09 8.1267e+09 8.1267e+09
acc: 2.86887e+10 2.86887e+10 2.86887e+10
pos: 4.26983e+09 4.26983e+09 4.26983e+09
vel: 8.27176e+09 8.27176e+09 8.27176e+09
acc: 2.93363e+10 2.93363e+10 2.93363e+10
pos: 4.31156e+09 4.31156e+09 4.31156e+09
vel: 8.42009e+09 8.42009e+09 8.42009e+09
acc: 2.99988e+10 2.99988e+10 2.99988e+10
pos: 4.35404e+09 4.35404e+09 4.35404e+09
vel: 8.57177e+09 8.57177e+09 8.57177e+09
acc: 3.06767e+10 3.06767e+10 3.06767e+10
pos: 4.39729e+09 4.39729e+09 4.39729e+09
vel: 8.72688e+09 8.72688e+09 8.72688e+09
acc: 3.137e+10 3.137e+10 3.137e+10
pos: 4.44132e+09 4.44132e+09 4.44132e+09
vel: 8.8855e+09 8.8855e+09 8.8855e+09
acc: 3.20793e+10 3.20793e+10 3.20793e+10
pos: 4.48615e+09 4.48615e+09 4.48615e+09
vel: 9.0477e+09 9.0477e+09 9.0477e+09
acc: 3.28047e+10 3.28047e+10 3.28047e+10
pos: 4.5318e+09 4.5318e+09 4.5318e+09
vel: 9.21357e+09 9.21357e+09 9.21357e+09
acc: 3.35466e+10 3.35466e+10 3.35466e+10
pos: 4.57829e+09 4.57829e+09 4.57829e+09
vel: 9.38319e+09 9.38319e+09 9.38319e+09
acc: 3.43053e+10 3.43053e+10 3.43053e+10
pos: 4.62564e+09 4.62564e+09 4.62564e+09
vel: 9.55665e+09 9.55665e+09 9.55665e+09
acc: 3.50811e+10 3.50811e+10 3.50811e+10
pos: 4.67386e+09 4.67386e+09 4.67386e+09
vel: 9.73403e+09 9.73403e+09 9.73403e+09
acc: 3.58744e+10 3.58744e+10 3.58744e+10
pos: 4.72298e+09 4.72298e+09 4.72298e+09
vel: 9.91543e+09 9.91543e+09 9.91543e+09
acc: 3.66856e+10 3.66856e+10 3.66856e+10
pos: 4.77302e+09 4.77302e+09 4.77302e+09
vel: 1.01009e+10 1.01009e+10 1.01009e+10
acc: 3.75148e+10 3.75148e+10 3.75148e+10
pos: 4.824e+09 4.824e+09 4.824e+09
vel: 1.02906e+10 1.02906e+10 1.02906e+10
acc: 3.83626e+10 3.83626e+10 3.83626e+10
pos: 4.87594e+09 4.87594e+09 4.87594e+09
vel: 1.04846e+10 1.04846e+10 1.04846e+10
acc: 3.92292e+10 3.92292e+10 3.92292e+10
pos: 4.92885e+09 4.92885e+09 4.92885e+09
vel: 1.06829e+10 1.06829e+10 1.06829e+10
acc: 4.0115e+10 4.0115e+10 4.0115e+10
pos: 4.98277e+09 4.98277e+09 4.98277e+09
vel: 1.08858e+10 1.08858e+10 1.08858e+10
acc: 4.10204e+10 4.10204e+10 4.10204e+10
pos: 5.03772e+09 5.03772e+09 5.03772e+09
vel: 1.10932e+10 1.10932e+10 1.10932e+10
acc: 4.19456e+10 4.19456e+10 4.19456e+10
pos: 5.09371e+09 5.09371e+09 5.09371e+09
vel: 1.13053e+10 1.13053e+10 1.13053e+10
acc: 4.28912e+10 4.28912e+10 4.28912e+10
pos: 5.15078e+09 5.15078e+09 5.15078e+09
vel: 1.15221e+10 1.15221e+10 1.15221e+10
acc: 4.38574e+10 4.38574e+10 4.38574e+10
pos: 5.20894e+09 5.20894e+09 5.20894e+09
vel: 1.17439e+10 1.17439e+10 1.17439e+10
acc: 4.48447e+10 4.48447e+10 4.48447e+10
pos: 5.26823e+09 5.26823e+09 5.26823e+09
vel: 1.19706e+10 1.19706e+10 1.19706e+10
acc: 4.58534e+10 4.58534e+10 4.58534e+10
pos: 5.32866e+09 5.32866e+09 5.32866e+09
vel: 1.22024e+10 1.22024e+10 1.22024e+10
acc: 4.68839e+10 4.68839e+10 4.68839e+10
pos: 5.39026e+09 5.39026e+09 5.39026e+09
vel: 1.24395e+10 1.24395e+10 1.24395e+10
acc: 4.79365e+10 4.79365e+10 4.79365e+10
pos: 5.45306e+09 5.45306e+09 5.45306e+09
vel: 1.26818e+10 1.26818e+10 1.26818e+10
acc: 4.90118e+10 4.90118e+10 4.90118e+10
pos: 5.51709e+09 5.51709e+09 5.51709e+09
vel: 1.29296e+10 1.29296e+10 1.29296e+10
acc: 5.01101e+10 5.01101e+10 5.01101e+10
pos: 5.58237e+09 5.58237e+09 5.58237e+09
vel: 1.3183e+10 1.3183e+10 1.3183e+10
acc: 5.12319e+10 5.12319e+10 5.12319e+10
pos: 5.64893e+09 5.64893e+09 5.64893e+09
vel: 1.3442e+10 1.3442e+10 1.3442e+10
acc: 5.23774e+10 5.23774e+10 5.23774e+10
pos: 5.71679e+09 5.71679e+09 5.71679e+09
vel: 1.37068e+10 1.37068e+10 1.37068e+10
acc: 5.35472e+10 5.35472e+10 5.35472e+10
pos: 5.786e+09 5.786e+09 5.786e+09
vel: 1.39775e+10 1.39775e+10 1.39775e+10
acc: 5.47417e+10 5.47417e+10 5.47417e+10
pos: 5.85658e+09 5.85658e+09 5.85658e+09
vel: 1.42542e+10 1.42542e+10 1.42542e+10
acc: 5.59612e+10 5.59612e+10 5.59612e+10
pos: 5.92856e+09 5.92856e+09 5.92856e+09
vel: 1.45372e+10 1.45372e+10 1.45372e+10
acc: 5.72063e+10 5.72063e+10 5.72063e+10
pos: 6.00196e+09 6.00196e+09 6.00196e+09
vel: 1.48264e+10 1.48264e+10 1.48264e+10
acc: 5.84774e+10 5.84774e+10 5.84774e+10
pos: 6.07683e+09 6.07683e+09 6.07683e+09
vel: 1.5122e+10 1.5122e+10 1.5122e+10
acc: 5.97749e+10 5.97749e+10 5.97749e+10
pos: 6.15319e+09 6.15319e+09 6.15319e+09
vel: 1.54241e+10 1.54241e+10 1.54241e+10
acc: 6.10993e+10 6.10993e+10 6.10993e+10
pos: 6.23108e+09 6.23108e+09 6.23108e+09
vel: 1.5733e+10 1.5733e+10 1.5733e+10
acc: 6.2451e+10 6.2451e+10 6.2451e+10
pos: 6.31053e+09 6.31053e+09 6.31053e+09
vel: 1.60487e+10 1.60487e+10 1.60487e+10
acc: 6.38305e+10 6.38305e+10 6.38305e+10
pos: 6.39158e+09 6.39158e+09 6.39158e+09
vel: 1.63714e+10 1.63714e+10 1.63714e+10
acc: 6.52382e+10 6.52382e+10 6.52382e+10
pos: 6.47426e+09 6.47426e+09 6.47426e+09
vel: 1.67011e+10 1.67011e+10 1.67011e+10
acc: 6.66747e+10 6.66747e+10 6.66747e+10
pos: 6.5586e+09 6.5586e+09 6.5586e+09
vel: 1.70382e+10 1.70382e+10 1.70382e+10
acc: 6.81404e+10 6.81404e+10 6.81404e+10
pos: 6.64465e+09 6.64465e+09 6.64465e+09
vel: 1.73826e+10 1.73826e+10 1.73826e+10
acc: 6.96358e+10 6.96358e+10 6.96358e+10
pos: 6.73244e+09 6.73244e+09 6.73244e+09
vel: 1.77346e+10 1.77346e+10 1.77346e+10
acc: 7.11614e+10 7.11614e+10 7.11614e+10
pos: 6.82201e+09 6.82201e+09 6.82201e+09
vel: 1.80943e+10 1.80943e+10 1.80943e+10
acc: 7.27176e+10 7.27176e+10 7.27176e+10
pos: 6.9134e+09 6.9134e+09 6.9134e+09
vel: 1.84618e+10 1.84618e+10 1.84618e+10
acc: 7.4305e+10 7.4305e+10 7.4305e+10
pos: 7.00664e+09 7.00664e+09 7.00664e+09
vel: 1.88374e+10 1.88374e+10 1.88374e+10
acc: 7.59241e+10 7.59241e+10 7.59241e+10
pos: 7.10179e+09 7.10179e+09 7.10179e+09
vel: 1.92211e+10 1.92211e+10 1.92211e+10
acc: 7.75754e+10 7.75754e+10 7.75754e+10
pos: 7.19887e+09 7.19887e+09 7.19887e+09
vel: 1.96132e+10 1.96132e+10 1.96132e+10
acc: 7.92595e+10 7.92595e+10 7.92595e+10
pos: 7.29793e+09 7.29793e+09 7.29793e+09
vel: 2.00137e+10 2.00137e+10 2.00137e+10
acc: 8.09767e+10 8.09767e+10 8.09767e+10
pos: 7.39902e+09 7.39902e+09 7.39902e+09
vel: 2.0423e+10 2.0423e+10 2.0423e+10
acc: 8.27277e+10 8.27277e+10 8.27277e+10
pos: 7.50218e+09 7.50218e+09 7.50218e+09
vel: 2.08411e+10 2.08411e+10 2.08411e+10
acc: 8.45131e+10 8.45131e+10 8.45131e+10
pos: 7.60745e+09 7.60745e+09 7.60745e+09
vel: 2.12682e+10 2.12682e+10 2.12682e+10
acc: 8.63332e+10 8.63332e+10 8.63332e+10
pos: 7.71487e+09 7.71487e+09 7.71487e+09
vel: 2.17045e+10 2.17045e+10 2.17045e+10
acc: 8.81888e+10 8.81888e+10 8.81888e+10
pos: 7.82451e+09 7.82451e+09 7.82451e+09
vel: 2.21501e+10 2.21501e+10 2.21501e+10
acc: 9.00803e+10 9.00803e+10 9.00803e+10
pos: 7.93639e+09 7.93639e+09 7.93639e+09
vel: 2.26053e+10 2.26053e+10 2.26053e+10
acc: 9.20084e+10 9.20084e+10 9.20084e+10
pos: 8.05058e+09 8.05058e+09 8.05058e+09
vel: 2.30703e+10 2.30703e+10 2.30703e+10
acc: 9.39735e+10 9.39735e+10 9.39735e+10
pos: 8.16711e+09 8.16711e+09 8.16711e+09
vel: 2.35451e+10 2.35451e+10 2.35451e+10
acc: 9.59762e+10 9.59762e+10 9.59762e+10
pos: 8.28604e+09 8.28604e+09 8.28604e+09
vel: 2.40301e+10 2.40301e+10 2.40301e+10
acc: 9.80172e+10 9.80172e+10 9.80172e+10
pos: 8.40743e+09 8.40743e+09 8.40743e+09
vel: 2.45254e+10 2.45254e+10 2.45254e+10
acc: 1.00097e+11 1.00097e+11 1.00097e+11
pos: 8.53131e+09 8.53131e+09 8.53131e+09
vel: 2.50311e+10 2.50311e+10 2.50311e+10
acc: 1.02216e+11 1.02216e+11 1.02216e+11
pos: 8.65776e+09 8.65776e+09 8.65776e+09
vel: 2.55476e+10 2.55476e+10 2.55476e+10
acc: 1.04375e+11 1.04375e+11 1.04375e+11
pos: 8.78681e+09 8.78681e+09 8.78681e+09
vel: 2.6075e+10 2.6075e+10 2.6075e+10
acc: 1.06575e+11 1.06575e+11 1.06575e+11
pos: 8.91853e+09 8.91853e+09 8.91853e+09
vel: 2.66134e+10 2.66134e+10 2.66134e+10
acc: 1.08816e+11 1.08816e+11 1.08816e+11
pos: 9.05296e+09 9.05296e+09 9.05296e+09
vel: 2.71632e+10 2.71632e+10 2.71632e+10
acc: 1.11099e+11 1.11099e+11 1.11099e+11
pos: 9.19018e+09 9.19018e+09 9.19018e+09
vel: 2.77245e+10 2.77245e+10 2.77245e+10
acc: 1.13424e+11 1.13424e+11 1.13424e+11
pos: 9.33023e+09 9.33023e+09 9.33023e+09
vel: 2.82975e+10 2.82975e+10 2.82975e+10
acc: 1.15792e+11 1.15792e+11 1.15792e+11
pos: 9.47317e+09 9.47317e+09 9.47317e+09
vel: 2.88825e+10 2.88825e+10 2.88825e+10
acc: 1.18204e+11 1.18204e+11 1.18204e+11
pos: 9.61907e+09 9.61907e+09 9.61907e+09
vel: 2.94796e+10 2.94796e+10 2.94796e+10
acc: 1.20661e+11 1.20661e+11 1.20661e+11
pos: 9.76799e+09 9.76799e+09 9.76799e+09
vel: 3.00891e+10 3.00891e+10 3.00891e+10
acc: 1.23162e+11 1.23162e+11 1.23162e+11
pos: 9.91998e+09 9.91998e+09 9.91998e+09
vel: 3.07113e+10 3.07113e+10 3.07113e+10
acc: 1.25709e+11 1.25709e+11 1.25709e+11
pos: 1.00751e+10 1.00751e+10 1.00751e+10
vel: 3.13463e+10 3.13463e+10 3.13463e+10
acc: 1.28302e+11 1.28302e+11 1.28302e+11
pos: 1.02335e+10 1.02335e+10 1.02335e+10
vel: 3.19944e+10 3.19944e+10 3.19944e+10
acc: 1.30943e+11 1.30943e+11 1.30943e+11
pos: 1.03951e+10 1.03951e+10 1.03951e+10
vel: 3.26558e+10 3.26558e+10 3.26558e+10
acc: 1.3363e+11 1.3363e+11 1.3363e+11
pos: 1.056e+10 1.056e+10 1.056e+10
vel: 3.33308e+10 3.33308e+10 3.33308e+10
acc: 1.36367e+11 1.36367e+11 1.36367e+11
pos: 1.07284e+10 1.07284e+10 1.07284e+10
vel: 3.40196e+10 3.40196e+10 3.40196e+10
acc: 1.39152e+11 1.39152e+11 1.39152e+11
pos: 1.09003e+10 1.09003e+10 1.09003e+10
vel: 3.47224e+10 3.47224e+10 3.47224e+10
acc: 1.41987e+11 1.41987e+11 1.41987e+11
pos: 1.10757e+10 1.10757e+10 1.10757e+10
vel: 3.54395e+10 3.54395e+10 3.54395e+10
acc: 1.44872e+11 1.44872e+11 1.44872e+11
pos: 1.12547e+10 1.12547e+10 1.12547e+10
vel: 3.61712e+10 3.61712e+10 3.61712e+10
acc: 1.47809e+11 1.47809e+11 1.47809e+11
pos: 1.14374e+10 1.14374e+10 1.14374e+10
vel: 3.69177e+10 3.69177e+10 3.69177e+10
acc: 1.50797e+11 1.50797e+11 1.50797e+11
pos: 1.16239e+10 1.16239e+10 1.16239e+10
vel: 3.76793e+10 3.76793e+10 3.76793e+10
acc: 1.53838e+11 1.53838e+11 1.53838e+11
pos: 1.18142e+10 1.18142e+10 1.18142e+10
vel: 3.84562e+10 3.84562e+10 3.84562e+10
acc: 1.56932e+11 1.56932e+11 1.56932e+11
pos: 1.20085e+10 1.20085e+10 1.20085e+10
vel: 3.92487e+10 3.92487e+10 3.92487e+10
acc: 1.6008e+11 1.6008e+11 1.6008e+11
pos: 1.22067e+10 1.22067e+10 1.22067e+10
vel: 4.00571e+10 4.00571e+10 4.00571e+10
acc: 1.63283e+11 1.63283e+11 1.63283e+11
pos: 1.24091e+10 1.24091e+10 1.24091e+10
vel: 4.08816e+10 4.08816e+10 4.08816e+10
acc: 1.66542e+11 1.66542e+11 1.66542e+11
pos: 1.26156e+10 1.26156e+10 1.26156e+10
vel: 4.17226e+10 4.17226e+10 4.17226e+10
acc: 1.69857e+11 1.69857e+11 1.69857e+11
pos: 1.28263e+10 1.28263e+10 1.28263e+10
vel: 4.25803e+10 4.25803e+10 4.25803e+10
acc: 1.73228e+11 1.73228e+11 1.73228e+11
pos: 1.30414e+10 1.30414e+10 1.30414e+10
vel: 4.3455e+10 4.3455e+10 4.3455e+10
acc: 1.76658e+11 1.76658e+11 1.76658e+11
pos: 1.32609e+10 1.32609e+10 1.32609e+10
vel: 4.43469e+10 4.43469e+10 4.43469e+10
acc: 1.80146e+11 1.80146e+11 1.80146e+11
pos: 1.34849e+10 1.34849e+10 1.34849e+10
vel: 4.52565e+10 4.52565e+10 4.52565e+10
acc: 1.83694e+11 1.83694e+11 1.83694e+11
pos: 1.37135e+10 1.37135e+10 1.37135e+10
vel: 4.6184e+10 4.6184e+10 4.6184e+10
acc: 1.87301e+11 1.87301e+11 1.87301e+11
pos: 1.39468e+10 1.39468e+10 1.39468e+10
vel: 4.71296e+10 4.71296e+10 4.71296e+10
acc: 1.9097e+11 1.9097e+11 1.9097e+11
pos: 1.41848e+10 1.41848e+10 1.41848e+10
vel: 4.80938e+10 4.80938e+10 4.80938e+10
acc: 1.947e+11 1.947e+11 1.947e+11
pos: 1.44277e+10 1.44277e+10 1.44277e+10
vel: 4.90767e+10 4.90767e+10 4.90767e+10
acc: 1.98493e+11 1.98493e+11 1.98493e+11
pos: 1.46756e+10 1.46756e+10 1.46756e+10
vel: 5.00788e+10 5.00788e+10 5.00788e+10
acc: 2.0235e+11 2.0235e+11 2.0235e+11
pos: 1.49286e+10 1.49286e+10 1.49286e+10
vel: 5.11003e+10 5.11003e+10 5.11003e+10
acc: 2.0627e+11 2.0627e+11 2.0627e+11
pos: 1.51867e+10 1.51867e+10 1.51867e+10
vel: 5.21416e+10 5.21416e+10 5.21416e+10
acc: 2.10256e+11 2.10256e+11 2.10256e+11
pos: 1.545e+10 1.545e+10 1.545e+10
vel: 5.3203e+10 5.3203e+10 5.3203e+10
acc: 2.14307e+11 2.14307e+11 2.14307e+11
pos: 1.57187e+10 1.57187e+10 1.57187e+10
vel: 5.42848e+10 5.42848e+10 5.42848e+10
acc: 2.18425e+11 2.18425e+11 2.18425e+11
pos: 1.59929e+10 1.59929e+10 1.59929e+10
vel: 5.53874e+10 5.53874e+10 5.53874e+10
acc: 2.22611e+11 2.22611e+11 2.22611e+11
pos: 1.62726e+10 1.62726e+10 1.62726e+10
vel: 5.6511e+10 5.6511e+10 5.6511e+10
acc: 2.26866e+11 2.26866e+11 2.26866e+11
pos: 1.6558e+10 1.6558e+10 1.6558e+10
vel: 5.76561e+10 5.76561e+10 5.76561e+10
acc: 2.31189e+11 2.31189e+11 2.31189e+11
pos: 1.68492e+10 1.68492e+10 1.68492e+10
vel: 5.88231e+10 5.88231e+10 5.88231e+10
acc: 2.35583e+11 2.35583e+11 2.35583e+11
pos: 1.71463e+10 1.71463e+10 1.71463e+10
vel: 6.00121e+10 6.00121e+10 6.00121e+10
acc: 2.40048e+11 2.40048e+11 2.40048e+11
